0.2145822 -0.1505472 -0.6602426 
-0.6562856 0.6748003 0.503554 
0.5881363 0.3470334 0.3801578 
-0.6011413 -0.2226854 -0.01735771 
0.1589416 -0.2281565 0.1317985 
-0.5073198 -0.216829 -0.7537938 
0.06796697 0.6352853 0.461666 
-0.2758488 0.1839669 0.360059 
0.5924159 -0.1943093 -0.231329 
-0.1339286 -0.1838163 -0.3044853 
0.569325 -0.1122308 0.2193571 
0.2018218 0.2253266 0.3524184 
-0.2541151 -0.2240237 0.1300994 
0.5735379 -0.2163514 -0.7116139 
-0.6004347 -0.03276875 0.2159063 
-0.1193211 -0.2285354 -0.6239864 
0.1922359 -0.2504678 -0.2738659 
-0.6028476 -0.1850786 -0.4171489 
0.382728 0.6335253 0.4419304 
-0.2569675 0.4729103 0.4175572 
-0.537404 0.3199214 0.3820831 
0.4016651 -0.2529713 0.02912656 
0.4486437 -0.2299707 -0.5088382 
-0.04404964 -0.05400435 0.2274145 
0.28154 0.4386849 0.4319707 
-0.02103332 0.3108861 0.3685697 
0.3264895 -0.06125072 0.2596067 
-0.3534577 -0.1878165 -0.1097142 
-0.05650629 -0.2410368 -0.07265495 
-0.3553441 -0.1674383 -0.5031075 
0.04721389 -0.2355808 -0.4286664 
-0.5353634 -0.1991038 0.2006068 
0.492023 0.08823646 0.3016759 
-0.403013 0.02867681 0.2567902 
0.5883788 0.5361437 0.420203 
-0.439582 -0.2158537 -0.2395819 
0.05960935 -0.1835706 -0.7288265 
0.3922617 0.292118 0.342829 
0.4179468 -0.1971387 -0.7780825 
0.2953422 -0.1719726 -0.1096124 
0.2211794 -0.1736081 -0.438481 
0.004176467 -0.1672795 -0.201134 
-0.0800157 -0.2286518 0.1558632 
-0.3780043 0.1069705 0.2782105 
-0.4146683 0.608225 0.4677289 
-0.01097972 0.1396456 0.3036198 
0.4050956 -0.2069265 -0.2456293 
-0.2771149 -0.1806647 -0.7844396 
-0.3940043 0.2951161 0.3531134 
-0.5866809 -0.201853 -0.5467778 
-0.1353646 0.6137151 0.4712261 
0.4688066 0.4823712 0.4252411 
0.1348156 -0.05749187 0.2542631 
0.4187192 -0.2136647 0.1886152 
-0.4356618 0.509183 0.4167224 
0.2393492 0.6142094 0.4609367 
0.6032996 -0.1804753 -0.4468751 
0.609464 -0.2008734 -0.05140397 
-0.5799333 -0.1983079 -0.230382 
-0.186329 -0.1775615 -0.5171559 
-0.2326283 -0.07613611 0.2515608 
-0.1025422 0.5035026 0.4539295 
-0.4278403 -0.2179517 0.04697792 
0.0890021 0.2626775 0.3256018 
-0.1999172 -0.2326431 -0.1936654 
-0.3191615 -0.2494871 -0.3771828 
0.5704612 -0.2034141 0.1290333 
0.4145844 -0.2220003 -0.5947341 
0.3458542 0.06965113 0.3007227 
-0.5788827 0.484139 0.4284843 
-0.4000848 -0.2404153 -0.6276298 
0.2849265 -0.1436991 0.162956 
0.07110699 -0.2057836 -0.06320788 
-0.6741603 -0.1636978 0.07358172 
-0.1745871 0.4040011 0.3770345 
-0.1866077 -0.2010605 -0.01868463 
0.3209451 -0.2409632 -0.3757209 
0.06107549 -0.206535 -0.6937227 
0.1578854 0.4853228 0.4098843 
-0.1536161 0.04417516 0.2803077 
0.5421258 -0.02661008 0.2386107 
0.3515751 -0.2335329 -0.6484399 
-0.4690972 -0.2183293 -0.1539519 
0.06862704 -0.1790143 0.2194643 
-0.5692207 0.1837251 0.3234553 
0.08106288 -0.2386314 -0.3272772 
0.01862577 -0.1802664 0.02449935 
0.5779874 0.2258284 0.341415 
0.5834541 -0.009359465 0.2471596 
0.6232643 -0.2063013 -0.6143938 
-0.5266003 -0.2350675 -0.4503754 
-0.3864228 -0.1717729 0.2208491 
0.5046023 -0.2434187 -0.09843491 
-0.08319998 0.2075911 0.3431529 
0.1568537 -0.2397505 -0.5651615 
-0.02438009 -0.1994097 -0.3958455 
0.5866603 -0.2055916 -0.3184899 
-0.29009 -0.2193282 -0.2496115 
-0.4957936 -0.06606889 0.265675 
0.2352947 -0.1634494 0.2269155 
-0.3160168 -0.1703894 -0.5786257 
0.3208536 -0.2003704 -0.1787425 
0.2755488 0.3038852 0.3501741 
-0.05775707 -0.1891514 -0.163585 
0.2619702 -0.2128031 -0.7296974 
-0.3909479 -0.181322 -0.37079 
0.0554386 0.08796964 0.2711396 
-0.1010085 -0.2237671 -0.7578202 
0.3775292 0.512785 0.4633137 
-0.2981107 0.06497259 0.3103696 
-0.1375935 -0.1964526 -0.6672432 
-0.194184 -0.2206322 0.02921833 
-0.6065546 -0.195041 -0.7398508 
0.09951343 -0.2232439 -0.6536653 
-0.08437985 -0.1756479 0.2176789 
0.5428831 0.5914811 0.4688882 
0.3989334 0.1833741 0.3356848 
-0.2073544 0.567961 0.4636748 
-0.5372252 -0.2163658 -0.3246903 
-0.2595697 -0.2489645 -0.4268353 
-0.4969701 0.03647033 0.3030581 
-0.5341107 -0.1874349 -0.05630051 
-0.1143192 -0.1971619 -0.4365148 
-0.3562826 -0.1780261 0.02354054 
0.1929518 -0.1631382 -0.1599654 
-0.4224625 -0.1724 -0.6147414 
0.5070132 0.4816248 0.4141525 
0.3961512 -0.176958 -0.4013657 
0.3669434 0.4633222 0.4320265 
-0.3530139 0.2140877 0.3264313 
0.500626 0.2483843 0.3448824 
-0.2305366 0.4646274 0.4379542 
0.07428375 0.3838308 0.3759962 
0.3354888 -0.1671354 0.2227482 
0.5510821 -0.1556208 0.1091066 
-0.4401903 0.2722766 0.3337456 
-0.4029675 0.06226238 0.3120416 
0.4059275 -0.1706729 -0.02707559 
0.511511 0.3477302 0.3732581 
0.001464461 -0.2373107 -0.326142 
-0.1869756 -0.2182374 -0.6798267 
-0.04847648 -0.2294561 -0.7060531 
-0.2379496 0.2566746 0.3297753 
-0.4648837 0.6255316 0.4673563 
-0.349446 -0.2014586 -0.186925 
0.1693724 -0.2273153 -0.7832584 
0.3101411 -0.2449588 0.03955537 
0.206774 -0.1895056 -0.509302 
0.4919273 -0.2408356 -0.6860257 
-0.442529 -0.1513696 0.1651488 
0.2011244 -0.1736325 -0.3068728 
0.1721374 -0.1723476 0.03060679 
0.09893338 0.6245864 0.4557452 
0.2131989 0.03588383 0.309111 
0.1025646 0.2332652 0.3327151 
-0.4409699 -0.2176064 -0.1344555 
-0.5082226 -0.2592208 -0.7166682 
0.007102069 -0.2496788 -0.1029841 
-0.1934972 -0.2227556 -0.7617582 
-0.5361853 -0.2193241 -0.1698271 
0.3402002 -0.1879335 -0.2576394 
-0.116829 -0.1747563 -0.008927536 
0.482899 -0.1899769 -0.309257 
-0.2714547 -0.2268319 -0.04935781 
0.5199161 -0.158165 0.2279633 
-0.5907894 -0.1974951 0.1905014 
0.5844691 -0.2063 -0.3193959 
-0.4960784 0.3865897 0.3701863 
0.4639452 -0.1635136 0.1363784 
-0.3556036 0.4552246 0.4406158 
-0.3856437 -0.1834578 -0.7375959 
-0.001983671 0.2985313 0.3100448 
0.4829324 0.5479469 0.4588967 
-0.4365965 -0.2438604 0.1246207 
-0.3388643 0.5494233 0.4555363 
-0.5716966 -0.1869953 -0.5669432 
0.3109677 -0.1895383 -0.1808492 
0.1032217 -0.245548 0.135107 
0.1659151 -0.1842281 -0.4756168 
-0.2770567 -0.1716014 -0.4340273 
0.5571015 -0.2009634 -0.1670972 
0.4774755 -0.1827464 -0.5263999 
0.414863 -0.2142041 -0.5741461 
0.5415799 -0.2376416 0.03042307 
0.343496 -0.2320458 -0.714372 
-0.06232986 0.6103908 0.4504563 
0.2580475 -0.2469524 -0.3835589 
-0.5926514 -0.2404707 -0.003896887 
-0.5884117 0.4920682 0.4365312 
0.5695493 -0.195346 0.180521 
-0.1549364 -0.1774637 -0.08529779 
-0.1954585 -0.2280427 -0.2879696 
0.1375349 -0.2504942 -0.233399 
-0.03407757 -0.1290444 0.1875249 
-0.1409862 0.5350753 0.4570777 
0.1922223 0.3147303 0.3866971 
0.01031954 -0.176446 -0.01742242 
-0.2984687 -0.2230971 -0.6168993 
0.396658 0.04916635 0.2858174 
-0.04321959 0.06312522 0.3040113 
0.01211409 -0.0242542 0.2934481 
-0.561008 0.0938419 0.3061261 
0.1840659 0.5460054 0.46242 
-0.06505371 -0.2149803 -0.2573235 
-0.2545692 -0.1276672 0.2422541 
0.1506709 -0.255504 -0.1108604 
-0.4418102 -0.2239302 -0.413625 
-0.09880926 -0.2059614 -0.4679603 
-0.1853974 -0.1448681 0.2109524 
-0.4297955 -0.2374359 -0.5549963 
-0.5861951 0.2836967 0.3486946 
-0.33933 -0.1879369 -0.3072668 
-0.1808657 -0.2096688 -0.5366442 
0.3537436 -0.1918704 -0.6301855 
-0.27838 0.3831122 0.4169379 
0.5262318 -0.2333578 -0.4300677 
0.3464295 0.1356139 0.32272 
0.02147683 -0.1799665 -0.321077 
-0.1054042 -0.1831968 -0.6035827 
0.007721121 0.4412773 0.3102247 
0.2177084 -0.03199489 0.2844333 
-0.4656396 -0.2153632 -0.2812329 
0.3722346 -0.1675959 0.01861554 
0.4233758 -0.2033671 -0.310621 
0.2993628 -0.2522126 -0.2616134 
0.2194595 -0.2386701 -0.5408917 
0.5490082 -0.1679372 -0.7473041 
0.5401543 -0.2409173 -0.6537035 
-0.1749435 -0.008159614 0.2583309 
-0.1262218 -0.1673948 0.1020219 
0.2852563 -0.2194278 0.1783366 
0.1834413 -0.2399948 -0.3394936 
-0.3463342 -0.1845468 -0.01682469 
0.4146916 -0.2491969 0.08337878 
-0.5855371 -0.1868925 -0.148962 
0.3494258 0.6391303 0.4495089 
0.4784992 -0.1708914 -0.04034052 
-0.5642713 -0.2130652 -0.7334351 
-0.5868683 0.3986015 0.3766791 
-0.1750282 -0.1799826 -0.112742 
-0.1033642 0.3295589 0.3430459 
-0.528309 0.2227898 0.3366111 
0.03449027 0.5423778 0.4477133 
0.1598248 0.4185863 0.3875737 
0.07042515 -0.2354388 0.06020312 
-0.2359767 -0.08548626 0.2479174 
-0.186084 -0.2027023 0.20331 
0.2799236 0.5053584 0.417698 
0.4084516 -0.230418 -0.6083407 
-0.3119351 -0.1744817 -0.5747568 
0.1091178 0.03893411 0.3233378 
-0.4095424 -0.172155 -0.1987766 
0.2120712 -0.2312047 -0.002853999 
-0.3140962 -0.2028064 -0.5237692 
-0.582406 -0.05844519 0.1917487 
-0.4352808 -0.1051874 0.2372492 
-0.2555404 -0.2269377 -0.2078259 
-0.04487742 -0.2448643 0.07833663 
-0.2003027 -0.2318915 0.007150883 
0.310311 0.3544318 0.3723482 
-0.5576816 0.439715 0.4024696 
0.02223001 -0.2074914 -0.6045324 
-0.1049334 0.4014815 0.390601 
0.2955271 0.005022003 0.2903134 
0.5725605 0.1321848 0.3068758 
0.003497157 -0.1366873 0.1631639 
-0.03157396 -0.1790365 -0.3244995 
0.5136246 0.04946655 0.2870187 
0.2305005 -0.2344569 -0.5831793 
0.5650553 -0.2297398 -0.517186 
0.4925807 -0.18932 -0.4057018 
0.2423638 -0.1661667 0.161176 
-0.5386488 -0.1766704 -0.644662 
-0.6283855 -0.2106251 -0.3590241 
0.1075277 0.2405846 0.3507302 
-0.08329637 -0.1981179 0.1539081 
0.1911563 -0.2341812 0.2023214 
0.05090996 -0.2278775 -0.5912535 
0.2836281 -0.2135184 -0.346146 
0.2424805 -0.2084468 -0.718188 
0.5823579 -0.1940948 -0.6203308 
0.004846159 0.3336383 0.3507723 
0.04068212 -0.1818028 0.03882207 
-0.1643513 0.1531538 0.338719 
-0.541433 -0.07841793 0.1823211 
-0.04941739 -0.2286985 -0.1264456 
-0.3906537 -0.2535275 -0.7169163 
0.579723 -0.1885519 0.0428367 
0.1212696 -0.2267411 -0.6451774 
-0.4599853 -0.1797321 -0.455858 
0.11953 -0.1905246 0.1821283 
-0.2792603 -0.1827753 -0.06214236 
-0.2246236 -0.2308979 0.1224411 
0.1496668 -0.1696815 -0.2246327 
0.5083809 0.2391519 0.3579787 
0.3691318 0.04775836 0.2592246 
-0.5046822 -0.2258261 -0.2173833 
0.3762065 -0.2483766 -0.03399655 
0.001048668 -0.2162749 -0.3856874 
0.331638 -0.1925631 -0.6638896 
0.3571362 -0.2283545 -0.5153092 
0.5006373 -0.1584188 -0.1434068 
-0.4724751 -0.2403985 -0.3629425 
0.0989001 -0.2239502 -0.4357436 
-0.3452297 -0.1706131 -0.4158547 
-0.2135538 -0.2298009 -0.3154868 
-0.1191772 0.1128132 0.2959485 
0.586594 0.4096534 0.3905066 
-0.5419706 -0.2346749 -0.4818976 
0.07120766 -0.1600368 0.1283219 
-0.5266115 -0.1998576 -0.4662331 
-0.6078838 -0.21166 -0.002619864 
0.04901223 0.5045902 0.4377216 
0.4975621 -0.2339793 -0.3290563 
-0.2282496 -0.1969216 -0.2934675 
-0.1918947 0.4230372 0.4123504 
-0.4417916 -0.2286129 0.1483232 
0.4048317 0.5694492 0.4593811 
-0.5062914 0.5475938 0.4279281 
0.516986 -0.04676451 0.2543529 
-0.3097599 -0.2224983 -0.6432388 
0.5097681 -0.1973872 -0.3039058 
-0.3354586 0.2426801 0.381294 
-0.2710802 -0.1815654 -0.7843239 
0.03584665 0.2988704 0.3425009 
0.5826251 -0.01082395 0.2628138 
0.5248144 -0.2175683 -0.1152185 
-0.4946277 -0.2174186 -0.1322643 
-0.3824413 -0.2279765 -0.2622183 
0.070837 -0.1715423 -0.7110512 
-0.4571445 -0.2453229 -0.6068237 
-0.3582478 -0.1978191 -0.002170405 
0.4234114 -0.2311628 -0.1875535 
-0.4207485 -0.1772371 -0.1784754 
0.381374 -0.148107 0.1335505 
-0.3218017 0.7377575 0.5117555 
-0.5480449 -0.2189488 0.1718333 
-0.5457489 -0.2102698 -0.3330556 
0.5285314 -0.2335693 0.1587363 
-0.4878675 -0.239669 0.104811 
0.5444664 0.5219177 0.4292567 
0.3949893 -0.1654128 0.008941353 
-0.1322414 -0.2386903 0.0008468786 
0.263993 -0.2065141 -0.622749 
-0.5885854 -0.1956245 -0.5990397 
0.3077472 -0.1598406 0.2229609 
0.3440278 0.1801489 0.343508 
-0.06758518 -0.2016091 -0.732933 
0.1674678 -0.2453311 -0.2818392 
0.01779381 -0.2301739 0.1857118 
-0.5052907 0.108355 0.3205883 
0.1810654 -0.1345074 -0.5555542 
0.5755429 -0.1910192 -0.3096751 
0.1230452 -0.1767152 -0.3919166 
0.5716674 -0.1772737 -0.5383114 
-0.04147637 -0.2054256 -0.3477642 
0.1396355 0.6240744 0.4618112 
-0.4215871 0.09125076 0.3186598 
0.4960506 0.3383206 0.3584303 
0.4197101 -0.07421405 0.2596034 
0.5106552 0.1727335 0.3381492 
-0.6028931 -0.2088212 -0.2297832 
0.4954355 -0.2371874 -0.5839661 
0.4056797 -0.2108631 -0.4572558 
0.3732151 -0.2449418 0.1059384 
-0.09611979 -0.223692 -0.758595 
-0.5447025 0.6220351 0.4646279 
0.09387612 -0.1658913 -0.1193994 
-0.2297447 0.07756429 0.2982964 
0.5915179 -0.2184821 -0.05526027 
-0.4496082 0.4164865 0.4009712 
-0.2965435 -0.20436 -0.1041455 
0.2825128 -0.2499999 -0.2397115 
-0.5448167 -0.01061493 0.2787274 
0.5163661 -0.1846429 -0.7407504 
-0.41006 0.1957396 0.3206992 
-0.2018204 0.5672979 0.4673572 
-0.1601411 -0.2468769 -0.331704 
-0.3830826 -0.2172706 -0.07203843 
-0.145179 -0.1935826 -0.6743314 
0.5258763 0.3917398 0.3820826 
0.0757146 -0.2017472 -0.6018155 
0.08565886 -0.08695964 0.2614575 
0.4906365 -0.1715777 -0.09976415 
-0.4992685 -0.05130553 0.2023947 
0.3541823 -0.2022115 -0.2153432 
-0.3885271 0.5759564 0.4686321 
-0.2315975 -0.06223565 0.2552185 
-0.1789842 0.3109422 0.3660148 
0.4296023 0.3802631 0.4082687 
0.1669284 0.4743631 0.4350801 
0.2381365 -0.2002624 0.05103501 
0.1789188 -0.1798639 0.01228137 
-0.5706635 0.5828116 0.446539 
-0.4148928 -0.2030186 -0.7577363 
-0.5424204 -0.1875245 -0.196083 
0.152224 0.0513656 0.2575089 
0.5012168 -0.2411669 0.08263976 
0.2604521 -0.2543303 -0.1972789 
-0.5285372 -0.2406752 -0.5585414 
0.02228723 -0.169012 -0.5436114 
0.05951066 -0.2358392 -0.3927041 
-0.2382104 -0.2456551 -0.4233281 
-0.5727661 0.2971266 0.3475341 
-0.5193178 -0.09748489 0.2127021 
-0.2356189 -0.2092457 -0.5131725 
-0.3603259 -0.2012957 -0.6965733 
0.2944509 -0.2054856 -0.1347143 
-0.3306432 -0.1997016 -0.1933869 
-0.151394 -0.1843996 0.04499575 
-0.5811197 -0.2109069 -0.6699312 
-0.266465 -0.1790698 -0.5647073 
-0.3733425 -0.1984478 0.05777184 
-0.4290444 -0.219913 -0.07722847 
-0.5643773 -0.02114172 0.2663312 
0.1963107 0.1768542 0.3378123 
-0.04430426 -0.2050004 -0.4542719 
-0.5304879 0.1722879 0.3313828 
-0.5285251 -0.1948025 0.03766714 
0.4077584 -0.1948076 -0.7271219 
-0.2079342 -0.2437724 -0.2172859 
0.2780866 -0.2470675 -0.1976491 
-0.08632891 -0.05358931 0.2714665 
0.05370372 -0.2463941 -0.223321 
-0.3044173 -0.1745919 0.2256875 
-0.3987942 -0.1754866 0.1740981 
0.03523463 0.1063248 0.3286864 
-0.430967 -0.1914754 -0.3343289 
-0.3421012 0.5532433 0.4644847 
-0.3438304 0.01536935 0.2959359 
0.5671401 -0.2238164 -0.3143586 
0.5648549 0.5627705 0.4574828 
-0.4470153 0.4344347 0.400253 
-0.4505653 0.1856831 0.3410586 
-0.04336621 -0.2377252 -0.257308 
0.4428282 0.1597748 0.3183092 
-0.3190913 -0.2167317 -0.4639566 
-0.2399479 -0.1706236 0.2271105 
0.1099715 0.5847095 0.4311866 
0.2192607 -0.1968758 -0.6977121 
-0.03848649 -0.1809005 0.2167005 
0.1279015 -0.1815051 -0.7088813 
0.2296392 0.02625659 0.248406 
0.3939831 -0.1937937 -0.4265699 
-0.07989735 0.2330456 0.3443121 
0.4220206 -0.1828211 -0.7513164 
-0.3004062 -0.2154289 -0.2413147 
0.2264011 -0.2349084 -0.5756978 
0.3674771 0.4728349 0.414904 
-0.02833353 -0.1198961 0.1988444 
0.5401151 -0.1013496 0.2469808 
0.384904 -0.1807582 -0.3759336 
-0.3545158 -0.06188734 0.2664227 
0.4852057 0.582158 0.4490308 
-0.08012632 0.6087946 0.4677145 
-0.3535302 -0.1701178 -0.5847189 
-0.5152222 -0.1337844 0.1666444 
0.190791 -0.2344436 -0.5985821 
0.4132381 0.224939 0.3604973 
-0.4125934 0.03986473 0.2749361 
0.5843644 0.3129151 0.3642786 
-0.07894221 -0.217787 -0.7392027 
-0.2219801 0.3423321 0.405966 
0.2962203 0.576522 0.4748345 
-0.1915875 0.191235 0.3517856 
0.5739338 0.6051157 0.4646294 
0.551156 -0.155675 0.1091073 
-0.5089287 -0.1746294 -0.6793995 
-0.1943446 -0.2286772 -0.6927639 
-0.1586656 -0.2075025 -0.4604047 
0.3265314 -0.2228178 -0.2288177 
0.5380533 -0.2363199 -0.4894413 
0.1829613 -0.2311427 -0.4862709 
-0.2149919 0.6201721 0.4733414 
0.5185053 -0.2308548 -0.7697036 
-0.02601079 0.06272908 0.2918603 
0.07673714 -0.2232146 -0.7114189 
0.1920733 -0.2489841 -0.05171072 
0.3278383 -0.1712086 -0.112156 
-0.1994455 -0.1878144 -0.569358 
-0.3901343 -0.2533008 -0.7148122 
-0.4810528 -0.2195613 -0.02230712 
-0.02989796 -0.1887463 -0.7261057 
0.3030904 -0.1866831 -0.5894062 
0.4830972 -0.2467623 -0.03515996 
0.439056 -0.1678505 0.03119154 
-0.320642 0.4925382 0.4480504 
-0.6442934 -0.1976237 -0.005470939 
0.1116796 0.1043484 0.330932 
-0.585735 0.2497729 0.3420514 
0.5455351 0.08040585 0.2821905 
-0.5614422 -0.2006766 -0.7574661 
0.01366401 -0.2488182 -0.1021197 
-0.3258539 -0.1515231 -0.465278 
0.3942464 -0.2105102 -0.768225 
-0.3104055 -0.1334911 0.1883552 
0.5402376 -0.1789322 -0.380154 
0.3612803 0.5803538 0.4745261 
0.2629693 -0.2373347 0.1046416 
0.2786408 -0.2521492 -0.298915 
-0.0166471 -0.1691648 -0.1052941 
0.1741128 0.2100266 0.3200591 
0.5456116 0.3899095 0.3786907 
-0.06983127 -0.243221 0.08345447 
0.2475539 0.1013394 0.3280943 
0.5874694 0.4972146 0.4248245 
-0.0006201638 0.02377839 0.2997871 
-0.3285038 0.6016431 0.4614394 
-0.4779738 0.6466331 0.4860944 
0.1098636 0.3724102 0.4055252 
0.4813291 0.5144069 0.4195786 
0.1972732 -0.1200756 0.1942779 
0.1694415 -0.2273644 -0.7832941 
0.5169834 -0.2302064 -0.7678099 
-0.2471614 -0.1862854 -0.1962466 
-0.4917119 -0.1686236 0.2267475 
-0.2912769 0.5610496 0.443158 
-0.3603618 0.08936028 0.2740917 
0.4792337 0.0572338 0.2778872 
0.2890257 0.4394225 0.3989327 
0.03328142 -0.04160251 0.2265514 
-0.1418612 0.6046391 0.4748473 
-0.4527272 0.1704229 0.3086455 
-0.546859 -0.1859476 -0.7215763 
-0.1644193 -0.04652342 0.2281408 
-0.07815459 0.4979534 0.4133905 
0.07100105 -0.2387753 0.05713133 
-0.4284746 -0.2130031 -0.176929 
-0.4265509 -0.2554436 -0.3144559 
0.3567169 -0.1352397 0.2365834 
-0.3044912 0.438657 0.4125358 
0.2112058 -0.2120509 -0.5219377 
0.4705288 0.003021048 0.276708 
-0.4267404 -0.1922882 -0.5755675 
0.5129938 -0.1550806 -0.611894 
0.5081935 -0.2414197 -0.6312634 
-0.006927433 -0.2407259 -0.5105659 
0.0372355 -0.1755315 0.1008828 
-0.5138583 -0.2610124 -0.720794 
-0.2744262 0.1902502 0.3136065 
0.2229702 -0.1736666 -0.3778384 
0.3778356 0.1507968 0.314452 
0.4789076 -0.09294181 0.2041014 
0.399409 0.2269979 0.3184656 
0.0839349 -0.175577 -0.7240148 
0.1675608 0.5434247 0.4256522 
0.2506799 -0.1719666 -0.3108637 
-0.1892879 0.6185399 0.4692761 
-0.6283686 -0.2107043 -0.3590284 
-0.3528885 0.02502748 0.2590778 
-0.570376 0.4474548 0.400144 
0.1661021 -0.1565405 0.1436595 
0.2860741 0.3236218 0.3702608 
-0.5394466 0.5021637 0.4155027 
-0.4091688 0.5383255 0.4252406 
-0.02879188 0.6155365 0.4561529 
0.008375518 0.2982772 0.3697453 
0.1163813 0.01309799 0.3081602 
0.3949312 0.3655407 0.3699253 
0.3365006 0.2789394 0.3398889 
-0.1096271 -0.002208561 0.2833876 
0.082334 0.4273198 0.3958604 
0.1825796 0.0563785 0.2595636 
-0.6283937 -0.2106711 -0.3589632 
-0.05735385 0.1692798 0.3161902 
0.3567846 0.04177757 0.2924529 
0.3777383 -0.07410463 0.2570855 
-0.606796 -0.2155877 -0.562228 
-0.06890687 -0.1745692 -0.6310816 
-0.3742764 -0.1903731 -0.1927595 
0.5663399 -0.2001204 -0.5853513 
-0.1843753 -0.1831478 -0.06035966 
0.00734999 -0.177061 -0.7095785 
-0.2606763 -0.2343129 -0.07286981 
0.4844717 -0.1583066 -0.1322525 
-0.4395398 -0.2300431 -0.4366811 
-0.4506819 -0.1651647 -0.5676037 
-0.2083354 -0.2330767 0.07795747 
-0.2985189 -0.1917027 -0.6195082 
0.4565767 -0.179476 -0.3519717 
-0.5589854 0.05099444 0.2627764 
-0.5288983 0.5913871 0.4654114 
-0.2030948 -0.232441 0.1398484 
-0.2183493 -0.2136849 0.1770018 
0.4679754 -0.2157383 0.1093039 
-0.0931062 -0.1708513 0.008137074 
-0.5841846 -0.1859564 -0.1373393 
0.1412322 -0.198948 -0.4751248 
-0.1374968 -0.1762841 0.02388888 
0.5900491 -0.2132494 0.04262099 
0.5993161 -0.1830529 -0.4291613 
-0.4303262 -0.1650507 -0.1928066 
-0.4627576 0.5840582 0.4457445 
-0.5110033 -0.1936439 -0.07937321 
0.4931202 -0.2383803 -0.2208323 
-0.09420904 -0.1994058 -0.4672121 
-0.04824045 -0.1822099 -0.2614704 
0.3320718 -0.2022639 -0.6025156 
0.5349365 -0.2397244 -0.05953766 
0.02572296 -0.2286284 -0.660825 
-0.4937458 -0.2301055 0.02278996 
0.1319389 -0.2418249 0.04947976 
-0.4269648 -0.1784622 -0.7066017 
-0.3948517 -0.2020879 0.1731339 
0.1693557 -0.2273809 -0.7832713 
0.03686459 0.6128284 0.458142 
0.2918878 -0.1300048 0.2387311 
0.4427757 -0.1640743 0.2279548 
0.2188105 0.4065366 0.4217881 
-0.2789195 0.03903728 0.1946863 
0.475006 -0.1771747 -0.5355346 
0.5797603 -0.1824327 -0.4275427 
0.05068939 0.1823516 0.3128639 
0.502053 -0.2041228 0.1270314 
0.1121612 -0.1995649 -0.3465517 
-0.4151305 0.3655492 0.400075 
-0.2236167 0.1537028 0.3020539 
0.3877992 -0.2515532 0.04027112 
-0.2232424 -0.2358237 -0.02756511 
-0.08636799 -0.2236071 -0.7125152 
0.2875579 -0.2407097 -0.4569354 
-0.04667932 -0.1855936 -0.3363922 
0.1134912 -0.2322923 -0.5154254 
-0.4710953 0.5169868 0.459221 
0.525448 0.005885199 0.2597115 
0.5026328 0.5228156 0.4409659 
0.3820231 -0.1708827 -0.03258033 
0.01357483 -0.1689448 -0.08386101 
0.1613282 -0.1747433 0.01619735 
0.5312648 0.6013339 0.4693389 
0.2729468 0.5906708 0.4406517 
-0.5266111 0.3657716 0.4135281 
0.4343682 0.2934241 0.3812552 
-0.4468142 0.3742103 0.3858607 
-0.4886176 0.3302327 0.3564402 
0.2019372 -0.108657 0.2427013 
0.05254336 0.5160545 0.4117139 
-0.1393135 -0.1310057 0.2435966 
-0.01924245 -0.1587139 0.1503925 
0.4704205 -0.1816276 -0.3289076 
0.3521862 -0.09481003 0.1915047 
0.08904105 0.6397926 0.4645366 
-0.2317357 -0.08742347 0.2417082 
0.568326 0.08053317 0.2846079 
-0.1065321 -0.2072976 -0.2613435 
-0.007410808 0.4732867 0.4348781 
-0.1198266 0.5106696 0.4408027 
-0.1655238 -0.203143 -0.7181801 
-0.03940272 0.3993716 0.381704 
-0.1474722 0.4445192 0.424271 
-0.3514176 -0.2037698 -0.2294865 
0.5898662 0.4800119 0.4015447 
0.3692457 0.4849557 0.4522256 
0.2048239 -0.04500279 0.2738247 
0.5401219 -0.1789632 -0.05857582 
0.2641195 -0.175897 0.2192751 
0.1361935 0.50456 0.4144306 
0.2131249 -0.2371323 0.1979281 
0.5333619 -0.2318038 -0.3441535 
0.5864904 -0.198734 -0.6873002 
0.07133545 -0.1864011 -0.3416 
-0.4548692 -0.04860687 0.2483475 
0.4263645 -0.2269948 -0.5022 
-0.06786848 0.03467267 0.2796175 
-0.08828156 -0.1676147 -0.4402643 
-0.2223987 -0.1785598 -0.08588479 
-0.1100464 -0.1649207 -0.4228739 
-0.5313618 -0.1721275 -0.05667694 
-0.2651497 -0.2152659 -0.1619719 
-0.5731706 0.1880554 0.3531594 
-0.1043171 -0.201176 -0.5099222 
-0.2199204 0.589988 0.4588536 
-0.002099131 0.4735581 0.3970819 
0.1576876 -0.1633342 -0.1868547 
0.2732361 0.04868034 0.3079292 
-0.1404619 0.3436314 0.3634447 
0.4938417 0.2016374 0.3274511 
-0.3052306 0.08154529 0.294247 
-0.3576568 -0.1956645 -0.7527316 
-0.2606283 -0.1965404 0.05595179 
-0.1919172 0.3091218 0.3754155 
-0.2303061 -0.1972713 -0.628252 
0.1390928 -0.2542461 -0.1274122 
0.007459619 -0.2503342 -0.08800184 
-0.1359245 -0.1947587 -0.6748846 
0.5396953 -0.2104371 0.2036159 
0.01388506 -0.2492238 -0.09286034 
0.2659297 -0.2294327 -0.5530505 
0.570235 -0.1738587 -0.2677539 
-0.4066021 -0.1951615 0.1945485 
0.2446951 0.4818931 0.410403 
-0.4705393 0.1576825 0.2976976 
0.2763752 -0.2062051 -0.7405844 
0.3956627 -0.1900237 -0.5473101 
0.4292353 -0.222416 -0.337356 
0.3840883 -0.2249356 -0.6215364 
-0.4897296 -0.2428772 -0.3125 
-0.4182357 -0.2351095 -0.5833267 
0.5788579 0.2960333 0.3614101 
0.5652156 -0.1658373 -0.5395459 
-0.2764418 -0.210592 -0.2462294 
-0.4883235 -0.09191459 0.1879881 
0.06117878 0.1875876 0.3113444 
0.5502916 0.1652284 0.3281384 
-0.315122 -0.1111307 0.2513127 
-0.06572887 -0.1287473 0.1908564 
-0.07785886 0.4320305 0.4133031 
0.1709707 0.5626697 0.4623977 
0.5555878 0.5953425 0.4732004 
0.3139877 0.2155402 0.3147517 
-0.518654 -0.1695089 -0.05510225 
0.5510319 -0.1629848 -0.7474704 
0.04445132 -0.1574506 -0.5468552 
-0.5922705 -0.2019266 0.1990223 
0.396126 -0.1953964 -0.3127224 
-0.3846089 0.4762395 0.4255568 
0.4255155 -0.2318424 0.147238 
0.135383 0.2514741 0.3238733 
0.5584365 0.1448405 0.3018237 
0.1591906 -0.2329579 -0.3378603 
-0.03617345 -0.2370184 -0.6721469 
0.5308498 -0.2311781 -0.2343499 
-0.03603874 -0.2117436 -0.2092084 
-0.582783 0.1370724 0.3098874 
0.2526112 0.3145364 0.3483599 
0.05706696 -0.1150024 0.1859435 
-0.2354258 -0.07566398 0.2475246 
0.2375443 0.524894 0.4420722 
-0.4469373 0.0108094 0.2942589 
-0.3826186 -0.09081613 0.03040946 
-0.2730204 -0.2050669 0.1256095 
-0.3866293 -0.04920946 0.2494728 
-0.4079214 0.07600339 0.3156933 
-0.2212481 0.307458 0.3836261 
-0.2318383 0.3964361 0.4168516 
-0.1755014 0.09978236 0.3179231 
0.244129 -0.1685826 -0.1221658 
-0.4230304 -0.2170799 -0.06332611 
-0.2988005 0.4283539 0.4284141 
-0.002839173 -0.1808582 -0.3255998 
-0.43572 0.3646216 0.3943225 
-0.5973404 -0.2024335 -0.4076408 
0.5627819 -0.0665818 0.2303131 
-0.4445865 -0.195027 0.159643 
0.2445277 0.2103521 0.3503621 
-0.09089385 0.3104118 0.3454317 
-0.02943235 -0.1700142 0.0161161 
0.4794866 -0.1468168 0.240427 
-0.5026203 0.482628 0.4434429 
-0.3662007 -0.1887563 -0.7544177 
0.4915568 -0.2345303 -0.2567474 
-0.0236766 -0.2175787 -0.3668585 
0.5657319 -0.2130398 0.1502153 
0.3487698 0.3370681 0.3610737 
-0.236582 -0.2025125 -0.2888957 
-0.3835465 -0.202655 -0.430801 
-0.1944076 -0.225666 -0.6938815 
-0.05497436 0.049923 0.2926979 
0.005450738 -0.1533993 -0.5173278 
-0.3226178 -0.2369594 0.0271101 
-0.4911022 -0.2228846 -0.1918838 
-0.06227272 -0.1803387 -0.5730512 
-0.3865396 -0.2249016 -0.08330692 
0.01474604 -0.2389252 -0.2253395 
0.4213605 -0.2212356 -0.5017114 
0.2714037 -0.2166147 -0.6304991 
-0.3259843 -0.2462132 -0.3820947 
-0.4407364 -0.2167892 -0.4885012 
-0.1817132 -0.2409208 -0.3187304 
-0.104643 -0.2398687 0.03082656 
0.2082097 -0.2272962 -0.6913981 
0.2914944 -0.2105574 -0.7261056 
-0.1396394 -0.2179037 -0.1106364 
-0.4968914 -0.05409994 0.2727359 
-0.2534202 0.4591777 0.4371645 
-0.42024 -0.2237524 -0.7570971 
-0.5066219 0.6064553 0.4586069 
0.1646031 -0.1660337 0.2247966 
-0.3159716 -0.00955723 0.2867862 
-0.2022087 -0.2175734 -0.7644495 
-0.3303513 -0.1552385 -0.4404931 
0.2265218 -0.2199308 -0.5426096 
-0.5897723 0.02004745 0.2733078 
0.05412008 -0.2177855 -0.7155999 
-0.4261889 -0.1423011 0.2351172 
0.4919367 -0.1593792 -0.5573673 
-0.5583534 -0.2099048 -0.1116072 
-0.1372361 -0.2194119 0.0999587 
0.4721673 0.08122503 0.2868168 
-0.5362828 -0.2107272 -0.2837627 
-0.007650706 -0.2310162 0.1827631 
-0.03506373 -0.1138558 0.2508164 
-0.07887383 0.05364912 0.290383 
0.511054 -0.1081453 0.2744253 
0.5118347 -0.1735956 -0.2332293 
-0.254199 -0.1757704 0.1271063 
-0.1051849 -0.2260239 -0.5385066 
0.5593914 -0.2338433 -0.5117574 
0.1147394 0.1754616 0.3356692 
-0.4522109 0.4263015 0.4061514 
-0.08653565 -0.1630365 0.05947068 
-0.02693759 0.2910701 0.3424686 
0.3313071 -0.1660275 0.09541431 
-0.5865418 -0.2103834 -0.1632546 
-0.4120976 -0.2200433 0.03165172 
0.05621054 0.3725627 0.3994787 
-0.002774605 0.3449886 0.3903626 
0.05699501 0.1741927 0.3030763 
0.4514683 0.008802566 0.2433839 
-0.323254 0.2140299 0.3696321 
0.2182293 -0.0738135 0.2476177 
0.07125963 -0.05038755 0.2758662 
0.5749615 0.1412152 0.3116126 
0.4939143 0.566809 0.4572983 
-0.181097 -0.1797902 -0.3767858 
0.5819021 0.5048957 0.4336356 
-0.5352473 0.3667783 0.3632318 
-0.5471702 -0.1744781 0.2142409 
-0.1119429 -0.1924466 -0.128348 
0.04512719 0.279649 0.3125179 
-0.5472372 0.544575 0.4289838 
0.2990578 -0.1744507 -0.1274621 
0.5360655 -0.1800193 0.1339533 
0.5230157 0.2482466 0.3300246 
-0.3955229 -0.1822204 -0.4463612 
-0.4066246 0.1960576 0.3173762 
0.4157191 -0.2441993 -0.1159468 
0.2889396 -0.1998097 -0.6804755 
0.4472953 -0.2252455 -0.332115 
0.08801626 -0.2487319 0.09231465 
-0.2213636 0.4488764 0.4208452 
-0.5240781 0.3530016 0.4111339 
0.3690521 -0.1651122 -0.4445085 
0.04011403 -0.2111774 -0.003521142 
0.4887264 -0.2206997 0.0007030262 
0.3071772 0.6308384 0.4733891 
0.5259939 -0.2387365 0.1464856 
-0.2061579 0.1226637 0.327601 
0.2175484 -0.09860811 0.2066086 
-0.583633 -0.2068587 -0.5307338 
0.3640502 0.5264435 0.4314477 
0.558626 -0.210891 0.06057472 
-0.5650554 -0.02075423 0.2311675 
0.2296918 0.1056479 0.3292767 
-0.3662489 0.5870978 0.4497037 
0.06438501 0.2046527 0.3249974 
-0.3774088 0.4331644 0.4058109 
0.4933306 0.08336653 0.3023902 
0.2772098 0.3316475 0.3745661 
0.01860417 -0.1844531 -0.007781892 
0.5859562 -0.1979044 -0.6932942 
0.3889678 0.599564 0.4415569 
-0.5838712 0.3122467 0.3540407 
0.1976786 -0.1849831 0.08849446 
0.6146194 -0.2098405 -0.05460542 
-0.04369327 -0.1677834 -0.4947316 
-0.06502647 -0.1010148 0.2555531 
-0.5614578 -0.1945918 -0.5123222 
0.01922897 -0.2387764 -0.492111 
-0.3866313 -0.2204293 -0.1027539 
0.04291117 -0.2173849 -0.6088507 
0.4833147 -0.2332729 -0.3159634 
-0.2217093 -0.2405972 -0.5943884 
0.5292571 -0.241997 -0.6716749 
-0.3092438 0.3702488 0.4101923 
-0.408712 0.2948414 0.385512 
-0.5587118 -0.219394 -0.4318938 
-0.1403998 0.1599565 0.3389026 
0.4325078 0.07746237 0.2761792 
0.2751939 0.4730766 0.4466949 
-0.04601693 0.5824161 0.4349396 
-0.5299438 -0.1887815 -0.1341312 
0.05377189 -0.1902378 -0.3276259 
-0.5557122 -0.1913065 -0.3580489 
0.2848592 0.3049605 0.358018 
-0.4884654 0.2239236 0.3261507 
0.4801422 -0.1643236 -0.1129477 
0.11629 -0.2423225 0.1421425 
-0.02014058 -0.2396028 0.1619848 
-0.1059031 0.1455316 0.3025996 
-0.03389762 0.1278642 0.3045248 
0.2068085 0.4821662 0.4094694 
0.2736518 0.01164395 0.244711 
0.4975199 0.02883868 0.2783782 
0.3663398 0.4473549 0.4159977 
-0.3861896 -0.05197503 0.2639999 
-0.189546 -0.2049997 0.05277197 
-0.06009164 -0.2326703 0.1627532 
0.5917842 -0.1945477 -0.2304876 
-0.5748234 0.5248563 0.4652699 
0.3848441 -0.1886565 -0.3457938 
-0.07895687 0.3532095 0.3742428 
-0.3511355 0.2321191 0.3694943 
0.1814232 0.3633739 0.4068466 
-0.5446958 0.4184538 0.4077018 
-0.5052447 0.1832607 0.3513737 
0.3402399 0.3619612 0.3709262 
0.1159385 0.393396 0.4187236 
-0.2967064 0.01962169 0.2947384 
0.2036106 -0.1874204 0.167486 
-0.5612053 -0.1272979 0.2165001 
0.3256841 -0.2086392 -0.7166754 
0.23558 0.1998549 0.3533394 
-0.2864596 0.2161222 0.3696054 
0.349586 -0.1684364 0.01179392 
-0.3387945 0.5493845 0.4555332 
0.03527221 0.490289 0.420465 
-0.5991942 -0.2073128 -0.6953151 
-0.05107357 0.3171914 0.3215803 
-0.03495068 0.1794226 0.3323677 
0.4018731 -0.123959 0.2431425 
0.06639855 0.05862688 0.2612437 
0.5478936 -0.2337295 -0.6405216 
-0.2103249 0.5241175 0.4553383 
-0.2663638 0.2205452 0.3211784 
-0.01402623 -0.2240202 0.1743941 
-0.5360129 -0.1839885 -0.4109849 
-0.5770235 -0.1931621 -0.642833 
-0.1724012 -0.07473728 0.2164805 
0.04872034 0.6170763 0.4511526 
0.1925716 -0.1612877 -0.1335069 
-0.2114626 0.4686886 0.4368893 
0.05411296 0.2903351 0.3762953 
0.1683123 0.5636359 0.4336455 
-0.5209596 -0.259469 -0.716276 
-0.1521004 0.4353707 0.4198446 
0.4942533 0.3863501 0.3771178 
-0.05971524 0.4851469 0.4414602 
0.2395347 0.5405179 0.4660186 
0.2351688 0.284417 0.3644505 
-0.3677258 -0.03202063 0.249645 
-0.516454 0.131963 0.2770577 
-0.2526445 0.07963605 0.2923756 
0.1073061 0.0392645 0.3226632 
-0.4531381 0.0236962 0.2487483 
-0.1193457 0.5264813 0.4639511 
-0.6045244 -0.03570286 0.2185338 
-0.2362034 0.5952836 0.4515864 
0.1417366 -0.1464197 0.1606698 
0.4884967 -0.154331 -0.6063986 
-0.001407011 -0.2437392 0.1280789 
-0.2812012 -0.2301399 -0.1454873 
0.3865345 -0.2397007 -0.6332397 
-0.2720675 -0.23805 -0.3108423 
-0.09500983 -0.235485 -0.6267142 
0.4234873 -0.2035721 -0.6846783 
-0.4617881 -0.2412941 -0.4358981 
0.256015 -0.2494698 -0.1510679 
0.2236731 -0.2517796 -0.04321017 
0.324175 -0.2378364 -0.4156306 
-0.4440113 0.6093396 0.4705065 
0.4273253 0.05705763 0.2788731 
-0.412582 -0.05717671 0.2493575 
0.5592288 -0.1781654 0.2055195 
-0.5914441 0.01158943 0.2666762 
0.07582327 0.434255 0.3964106 
0.3254052 -0.1195301 0.1743701 
0.3796991 0.1491232 0.2860278 
0.6098595 -0.1987625 -0.05928941 
0.2835633 -0.173839 -0.2508959 
0.2146034 -0.1987604 0.1156767 
-0.5446049 0.0132821 0.2852538 
-0.5856012 -0.2290721 -0.0321043 
-0.514368 -0.1754873 0.08354968 
-0.418786 -0.2458494 -0.6348383 
-0.5377364 -0.2378004 -0.6391212 
0.5457442 -0.2231379 -0.5810636 
0.3088137 -0.2406902 -0.2714968 
0.3319727 -0.2230645 -0.5428113 
-0.3490239 -0.2320308 -0.2752242 
0.0001451869 -0.2026519 -0.5459285 
0.3227065 -0.1795401 -0.0961756 
-0.2954657 -0.1821583 -0.3827248 
0.003267481 -0.2506152 -0.09425882 
0.1997114 -0.2347233 -0.5902907 
-0.3082075 -0.221699 -0.6437973 
0.587477 0.3849517 0.3922251 
-0.02845821 0.05249035 0.2862887 
0.1940869 -0.01673031 0.2904325 
0.5285096 -0.2180038 0.160757 
0.4667973 -0.1507685 0.1485707 
0.2535297 -0.1767725 -0.1725555 
0.06876522 0.6403632 0.4761326 
0.1933272 -0.1496027 0.1807451 
-0.09020542 0.4766207 0.4329853 
0.2933369 -0.1068307 0.2440159 
0.001267906 0.4001435 0.4066626 
-0.5007756 0.2202192 0.3484583 
0.4588082 0.3671015 0.3690231 
-0.3864267 0.3177179 0.3902031 
-0.3845718 -0.2038193 0.01864234 
0.2309675 0.05546352 0.2589393 
0.3323969 0.1372193 0.2843555 
-0.1260926 -0.07341716 0.2638732 
-0.4578979 0.4374484 0.4029087 
0.002966068 -0.02119515 0.2852385 
-0.3574459 0.3924779 0.4155943 
-0.5027499 0.3445178 0.4050484 
0.3134842 0.4556712 0.4363845 
0.3466322 0.2854642 0.3718748 
0.5761125 -0.1640103 0.1960609 
-0.5206254 0.1127797 0.2725738 
-0.3482439 0.2959873 0.3682824 
0.1644449 0.5231629 0.4196269 
-0.4028431 0.5897933 0.4509331 
0.4981124 -0.1763904 -0.3427932 
-0.1990571 -0.1930051 -0.2231216 
-0.07781771 0.6229582 0.4616999 
0.2278916 0.6143993 0.4632502 
0.4559861 0.2641504 0.3328404 
-0.1652929 -0.02185425 0.2438517 
-0.4082612 0.1985877 0.3255129 
0.39994 -0.1635274 0.079197 
-0.178503 0.2491622 0.3628793 
0.5035789 -0.2445026 0.02469115 
-0.4746137 -0.1714869 -0.6518581 
-0.1073779 -0.2383736 -0.0522367 
-0.1565044 -0.2158163 -0.723081 
-0.2029354 -0.2124141 -0.524743 
-0.1592434 -0.1977812 -0.6666002 
-0.3798675 -0.1804324 -0.6567615 
-0.2415333 -0.2436942 -0.3591009 
-0.5629267 -0.1867105 -0.5542293 
-0.2438344 -0.2290176 -0.2546324 
0.4332925 -0.1977948 -0.3033967 
0.4638671 -0.1630983 0.1238662 
-0.2803682 -0.2510306 -0.4017193 
-0.4336987 -0.1738601 -0.17153 
0.04769224 -0.003802674 0.2949922 
-0.1716535 -0.2206722 -0.4308988 
0.3299258 0.6152935 0.4748777 
-0.1167445 0.3654664 0.3547781 
0.5843884 -0.2148247 0.06152246 
-0.1891941 -0.2056885 0.05329031 
0.209252 -0.117969 0.2507551 
-0.5672027 0.5850313 0.4442718 
0.365899 0.441569 0.4091644 
-0.2314858 -0.2244993 0.1092238 
-0.1270671 -0.1556018 0.16798 
-0.3916701 -0.0001691836 0.2889121 
0.3009638 0.5166106 0.4621165 
0.484955 0.1064856 0.2900073 
-0.2200167 -0.1755008 -0.4389925 
0.03696271 -0.2355953 -0.4337753 
0.5065196 0.4116915 0.4032481 
0.5452737 -0.2342894 -0.09439816 
0.1673365 -0.2516477 -0.2450148 
-0.03616763 0.5943269 0.4390162 
0.4329667 0.3330822 0.393652 
0.1458179 0.3555569 0.3628183 
-0.05816948 0.2796802 0.3457495 
0.07389133 0.4956111 0.4264437 
0.3519155 0.06131825 0.2626999 
0.5346968 -0.1834935 -0.3174365 
-0.521725 -0.2250181 -0.3035044 
0.5395976 -0.2360761 0.07314376 
-0.1925917 -0.1893291 -0.5481931 
-0.05913646 -0.2440131 0.003665823 
0.5110303 -0.1081194 0.2743712 
0.1671489 -0.2375259 -0.6037381 
0.5698384 0.6048596 0.4649977 
-0.4443095 -0.2037316 -0.3004217 
0.339533 0.1566503 0.3333423 
-0.2860847 0.2949334 0.3806115 
-0.5054287 0.1224527 0.2790264 
-0.2727052 -0.1806081 -0.7799102 
-0.5709034 -0.1939959 -0.6854625 
0.3022256 0.3733777 0.3778213 
0.450202 0.4040439 0.3851595 
0.5222986 0.6290345 0.4698589 
-0.01924597 0.5398903 0.4585415 
-0.1157382 0.1854513 0.3427231 
-0.4266542 -0.1392656 0.2051998 
-0.3680834 -0.1529834 0.1850361 
-0.5672624 -0.1940969 0.02784538 
0.3948912 -0.1837046 -0.7308006 
-0.3577753 0.05782089 0.2661469 
0.5623392 -0.1619484 -0.5740824 
-0.2265601 -0.03586745 0.2622198 
0.05654677 0.1798867 0.3400495 
0.4285084 -0.1482403 0.2370924 
0.06425305 0.2820237 0.3355835 
0.2503498 0.3257557 0.3584086 
0.2093613 -0.02536803 0.2315678 
0.5643584 0.2470048 0.3453976 
0.5329373 -0.2181063 -0.7485428 
0.3681256 0.4866474 0.4467234 
0.3218781 0.101654 0.3165265 
-0.5905014 -0.2097345 -0.5423976 
0.03997465 -0.138012 0.2417798 
-0.1745728 0.1934511 0.3093996 
0.04312316 0.3111241 0.3861753 
0.5140026 0.492801 0.4187685 
-0.06869 -0.1817913 -0.4416767 
-0.03712311 0.06998944 0.3048408 
0.1812262 -0.1663801 -0.09384263 
-0.3409136 0.4574378 0.4110506 
-0.4813849 -0.2038201 0.04369053 
-0.04162171 -0.2042635 -0.7333508 
0.4605729 0.5239585 0.4493349 
0.1171178 -0.2144349 -0.4491291 
-0.07689343 0.2906559 0.3451442 
0.448907 -0.1683441 -0.04366488 
-0.4109415 0.4531108 0.4406936 
-0.2902101 0.518427 0.4513088 
-0.3421466 0.5532362 0.4644866 
-0.1659664 -0.2064088 -0.2476051 
0.422203 0.1539231 0.3019622 
0.1423146 -0.1666376 -0.2109272 
-0.1179439 0.5831716 0.4574823 
0.2506179 -0.08041774 0.2161734 
0.589366 0.540535 0.4208252 
0.07938343 -0.1240689 0.1791764 
0.448801 -0.1673825 0.00788476 
-0.005831399 -0.1742159 -0.009839612 
-0.5771064 -0.2067009 -0.03807241 
-0.5820832 0.143774 0.3124289 
-0.5794839 -0.1734042 0.1777168 
-0.2323102 -0.1789304 -0.1417527 
-0.2892888 -0.1674917 0.2319893 
0.3619897 -0.1638888 -0.4827886 
-0.1671132 -0.23593 -0.2586913 
-0.2252605 -0.1830708 -0.5550228 
-0.4666069 -0.2091791 -0.06650376 
-0.1066057 -0.2361045 0.0654569 
-0.3281456 -0.2151764 -0.6101947 
0.2832711 -0.2163191 -0.729053 
0.349477 -0.2343532 -0.4555097 
0.0497924 -0.1725057 -0.6686122 
-0.5374754 -0.2133793 -0.1143673 
-0.3537137 -0.2305284 -0.1230236 
0.3973319 -0.2277888 -0.1767578 
-0.2736793 -0.206158 -0.5113729 
0.3435507 -0.2032957 -0.6342996 
0.2886029 -0.2423299 0.1072538 
0.3183398 -0.2409801 -0.3581961 
-0.316411 -0.2128712 -0.1710393 
-0.5691856 0.274224 0.3547727 
-0.5856133 -0.2290587 -0.03218531 
-0.5732839 0.5301446 0.4696486 
0.3267217 0.6266593 0.4691022 
0.2210012 -0.2331721 0.04692411 
0.4487402 -0.1688614 -0.6602237 
0.213754 0.166898 0.3021637 
0.1737628 0.1045755 0.3293736 
0.1811825 -0.166387 -0.093897 
-0.5800548 -0.08750812 0.2284106 
-0.2978597 -0.2109049 0.1596617 
-0.5861161 -0.2077112 -0.1551519 
-0.3440936 -0.1863811 0.1274489 
-0.5834205 -0.1886874 -0.308987 
-0.2003212 0.2889372 0.3400994 
-0.1051994 0.0467529 0.2971399 
0.4630237 -0.05687613 0.2190177 
0.153164 0.3164651 0.3883743 
-0.3798679 0.2216822 0.3425255 
0.1944998 0.4107283 0.4227741 
0.5828877 -0.2042992 -0.3116318 
-0.1413428 0.390283 0.3655471 
-0.05925956 0.05222289 0.2940361 
0.07555966 0.1020516 0.2750832 
0.3966743 -0.2105976 0.1936648 
0.4640789 -0.1649219 0.1366225 
-0.551729 -0.2179062 0.1645661 
-0.4978725 0.4494309 0.4013622 
0.1736123 0.2033901 0.3199151 
0.0445034 -0.2263672 0.1238869 
0.4718066 0.157888 0.3269042 
0.1795621 -0.1752492 0.05825774 
-0.4975663 0.5216498 0.4602125 
0.3079655 -0.1062011 0.2087411 
-0.1474133 -0.1833733 0.1416443 
0.01169954 -0.07885823 0.2120545 
-0.2088184 0.4083525 0.3922622 
-0.560886 -0.2121638 -0.4532705 
0.5497622 -0.2267044 -0.4497302 
-0.1851234 -0.1811779 0.2211144 
0.4850828 0.239601 0.3615559 
-0.5696221 -0.2059624 -0.4885882 
0.5744397 0.5853209 0.4579026 
0.2866843 -0.1999377 -0.7351122 
-0.2134297 -0.1957734 -0.7538228 
0.2884097 -0.1702865 -0.4262472 
-0.5198869 0.2366697 0.3378975 
0.5104294 0.5501197 0.4323439 
0.4211578 0.6172892 0.4396475 
0.5864601 -0.1756534 -0.4733461 
0.3770719 0.2209408 0.3571039 
-0.3827201 -0.1859087 -0.3795984 
0.5836846 0.1938569 0.3286228 
0.09161175 -0.1858137 -0.3651339 
-0.4816498 -0.1954093 0.2115708 
-0.3703552 0.108241 0.2787426 
0.1592053 -0.1111235 0.2474407 
0.5827405 -0.01187147 0.2467388 
-0.1513699 0.2135004 0.3523148 
-0.257032 0.1746532 0.3077731 
-0.3126238 0.05286087 0.3079109 
0.04784955 -0.1920734 0.06675506 
-0.3551469 0.02560256 0.2583613 
0.4701048 0.4399223 0.4264781 
0.009849777 0.4418575 0.4198789 
0.5079111 0.1887925 0.3150454 
0.3784437 -0.003753273 0.2791077 
0.209252 0.05815936 0.2633982 
-0.546609 0.5245504 0.4237872 
0.3541971 -0.1585057 0.1143697 
0.548676 -0.02861073 0.2398187 
-0.1346738 -0.2183628 -0.7366405 
-0.3898372 0.2582999 0.3300177 
0.4293913 -0.1874049 -0.7697395 
-0.2860549 -0.2206118 -0.5800955 
-0.2639453 -0.1814742 -0.7769952 
0.2330835 -0.2508084 -0.3292204 
-0.1799645 -0.2331298 -0.08760706 
-0.005088229 -0.1762165 -0.3243259 
-0.5488197 0.6074651 0.4598574 
-0.2478649 -0.1981214 0.204439 
-0.233229 0.3456783 0.3977509 
-0.2136426 0.2429219 0.3674676 
0.4570569 0.4795396 0.410466 
0.1287248 0.3934101 0.4117887 
0.4614242 -0.2335353 -0.2173096 
-0.1608704 0.2668027 0.3617249 
-0.03668636 -0.2222733 -0.1542239 
-0.1508987 0.5164559 0.4488094 
-0.3295053 -0.1714998 -0.5797529 
0.5475362 0.20423 0.3458188 
-0.1884875 0.4003357 0.4139441 
0.3179653 -0.2125222 -0.6690578 
0.2253537 -0.227622 0.09356941 
0.5192595 -0.1640901 -0.5282948 
0.06159408 -0.2239297 0.07420598 
0.179706 -0.2560592 -0.1371469 
0.01625494 -0.2022731 -0.5987847 
-0.5502601 -0.223978 0.09039205 
-0.5704609 -0.1932442 -0.3526519 
-0.2573099 0.5945 0.4494821 
-0.2012591 0.09134625 0.294752 
0.02937674 -0.1201452 0.1777822 
0.5685287 0.001717885 0.270418 
0.07624153 0.1406273 0.3357593 
-0.3539773 -0.1918321 -0.1912973 
-0.6015947 -0.207804 -0.2392195 
0.5835173 0.3852184 0.3916279 
-0.5146055 -0.134887 0.1661655 
0.0505121 0.1709565 0.3040154 
0.3913695 0.5371684 0.461073 
0.2818872 0.2960009 0.3489506 
-0.5077371 -0.0359134 0.2764574 
0.4014647 -0.05705594 0.2630149 
0.5605195 0.3854502 0.3789963 
0.2717562 -0.03967337 0.2729962 
0.2369433 0.3869621 0.4118275 
-0.05561046 0.281651 0.3427616 
0.03344725 -0.1933952 0.06838838 
-0.03868468 -0.07636923 0.2643567 
0.2929007 -0.09130016 0.2516676 
-0.1260118 0.4777229 0.4312018 
0.1257493 0.01776539 0.2457196 
0.4282482 -0.02523895 0.2325115 
0.3853949 -0.1948056 -0.2043988 
-0.4506294 -0.1651935 -0.5675478 
0.5424596 -0.1580525 -0.6001873 
-0.5762184 0.3719558 0.3640783 
0.2579795 -0.2539273 -0.3176404 
0.1286754 -0.2170281 -0.3361144 
0.4226463 -0.2494139 -0.02757899 
0.3362742 -0.02991952 0.272292 
-0.472072 -0.2424445 -0.3811657 
0.2855153 -0.2137539 -0.6490775 
0.1127575 -0.2361771 -0.5859133 
-0.2175481 -0.2356136 -0.4475758 
-0.4884178 -0.2120875 -0.0971763 
0.2836469 0.2965038 0.3491178 
-0.008053622 -0.2362276 -0.6445161 
0.07250468 0.01490505 0.2441192 
-0.5274394 0.1186575 0.2713573 
0.5629526 -0.1650307 0.08658656 
-0.3923467 0.5315523 0.42381 
0.004658711 0.3169899 0.3474493 
-0.4420585 0.1848373 0.3305815 
-0.5717076 -0.1885273 -0.2829639 
-0.5697525 0.2510869 0.3370822 
-0.5369923 0.6217397 0.4651431 
0.126689 -0.227555 -0.3912918 
-0.3470635 -0.1935509 -0.472215 
0.5543573 -0.179723 -0.2715175 
-0.09470172 -0.1740629 -0.03812988 
0.58324 -0.1960768 0.002092138 
-0.4892125 -0.1218034 0.2439297 
0.2206274 -0.2126212 0.1391184 
0.1822367 0.6043941 0.4574779 
-0.04529613 0.4169784 0.4111756 
0.05984701 0.2188526 0.3418913 
0.3154865 -0.2164875 0.1817026 
0.5643204 0.04730904 0.2748677 
-0.08880787 -0.05120011 0.2285454 
-0.001138339 -0.1675498 -0.2069943 
-0.5303861 0.0918159 0.31298 
0.3594334 -0.1877117 -0.2890751 
0.512242 0.08517548 0.3071667 
-0.04619773 0.07760375 0.3106889 
-0.3067943 0.6151982 0.4580022 
0.1680172 -0.1695938 -0.219734 
0.05621378 -0.04564187 0.2225737 
-0.3998303 -0.1683585 0.1389611 
0.01789039 0.6094832 0.4544207 
-0.5804658 -0.1911785 -0.3399976 
-0.07951757 0.4564445 0.4114659 
0.1335037 0.1282821 0.3334283 
-0.3385306 -0.1975224 -0.0520735 
0.3762032 -0.207118 -0.2287766 
-0.2678875 -0.1828011 0.08786014 
0.5042425 0.2988064 0.361379 
-0.4880254 0.1448871 0.2892321 
-0.4249378 0.3318471 0.3639714 
0.02845412 -0.204069 -0.394652 
0.3099737 0.624707 0.4786514 
-0.4528562 0.5797382 0.4705817 
-0.5688018 -0.1263666 0.195593 
0.3658765 0.4468552 0.4155044 
-0.5930451 0.01370755 0.2654445 
-0.30833 0.4991269 0.4248433 
-0.1080336 -0.04820048 0.2710059 
0.2237083 -0.2291832 0.1747775 
0.1765607 0.571889 0.4651803 
0.536624 -0.2146335 0.1991786 
0.3206315 -0.1722583 0.06330273 
-0.5690106 -0.1919621 -0.3433925 
-0.5670865 0.1917926 0.3267239 
0.2214441 0.1601075 0.2989838 
0.02652643 -0.1854076 -0.72626 
-0.4528777 0.4054962 0.3976929 
0.5817542 0.3316814 0.3703612 
0.131433 -0.1649507 -0.1293774 
0.1186514 -0.2326107 0.1776463 
0.2162759 0.5495742 0.429012 
-0.3596295 -0.1835964 0.01429912 
-0.1982154 -0.1901661 -0.2782017 
-0.1630627 0.1803539 0.3043102 
0.1093745 0.03902273 0.3213733 
-0.1366389 -0.1800308 0.2181304 
0.271697 0.1113014 0.3276927 
0.3909039 0.120203 0.2827447 
-0.3039576 -0.1992831 -0.2247311 
0.1477708 -0.1759112 -0.4291051 
-0.390949 -0.1813124 -0.3707224 
0.1808583 0.005553553 0.2413629 
-0.4849362 -0.2177144 -0.7544844 
-0.2245096 -0.2414447 -0.2387856 
0.2352244 -0.2412094 -0.01481582 
0.4410096 -0.2507762 0.04750036 
0.3999399 -0.225543 -0.4830362 
0.1725038 -0.2533091 -0.07045742 
0.2604853 -0.2543027 -0.1972674 
0.1619891 -0.2541472 -0.09064275 
0.5382557 -0.1921573 -0.2948916 
-0.3984863 -0.2157743 0.01329729 
0.2054642 -0.1984446 -0.7191122 
-0.1053177 -0.2094624 -0.4671506 
0.4498855 -0.2085625 -0.3385103 
0.02056081 -0.2215758 -0.5679553 
-0.5014139 -0.1823546 -0.04995074 
0.07444591 -0.1723055 -0.6371478 
-0.26344 0.6104001 0.4662395 
-0.3620407 0.2647353 0.3570416 
0.4369988 -0.0854982 0.2013133 
-0.4283903 -0.1693472 -0.5646099 
0.5671601 -0.2209252 -0.7161561 
0.1029022 -0.2266329 -0.6872902 
-0.3762612 -0.2126429 -0.4114901 
-0.4320085 -0.2382628 0.08939549 
0.310787 -0.1809059 -0.1557431 
0.05867007 0.6343193 0.4738922 
-0.2574444 0.07468186 0.3058701 
0.346812 -0.07225047 0.2556069 
0.1180805 -0.1772924 0.221397 
0.1659712 0.3183848 0.3482977 
0.1485441 0.2157298 0.3256165 
-0.2193985 0.176562 0.3059295 
0.1170703 0.5723691 0.4297416 
0.3304761 -0.06253904 0.2188236 
0.1162378 -0.1909631 -0.7311342 
0.5430213 0.4160083 0.4045069 
-0.2915413 0.608145 0.45955 
-0.4526263 -0.2409732 0.1388111 
-0.2246881 -0.1863669 -0.007913932 
-0.2065144 0.152593 0.341765 
0.5674863 -0.2077868 -0.1420429 
0.1399036 -0.2278554 0.18958 
0.5934199 0.4787844 0.4020073 
0.5739153 -0.1873673 -0.05342121 
0.5823998 0.1712043 0.3192922 
-0.3718406 -0.2144294 -0.7574418 
-0.114898 -0.1710701 0.07443226 
-0.5619504 -0.1957278 0.1043825 
-0.3405194 -0.1655763 0.226894 
0.5864144 -0.1973499 -0.6899638 
-0.358481 -0.2338453 0.01992385 
-0.0231798 -0.2279312 -0.4789004 
-0.5378154 -0.2198574 -0.2123955 
0.5164157 -0.2284703 0.1330229 
0.2912981 -0.06608956 0.2210936 
-0.5953495 -0.2006777 0.01368667 
0.2785582 -0.1702699 0.1052094 
0.4277279 -0.2230527 -0.560131 
0.09690041 -0.05572005 0.2724877 
0.3069562 0.4161939 0.4169745 
-0.1763636 -0.1998266 -0.5436006 
-0.07936788 -0.1952373 0.1529785 
0.3918989 -0.2363837 -0.14213 
0.1111266 0.2460874 0.3517845 
-0.5026802 -0.1795409 -0.7067972 
-0.4752315 -0.2211561 0.1807095 
-0.5814533 0.2289371 0.3357381 
0.5753745 -0.1611684 0.2014562 
-0.5810906 -0.1903044 -0.3462774 
-0.007114395 -0.1678173 -0.1951732 
0.5955322 -0.1982241 -0.4108937 
0.2191787 -0.07377349 0.2478353 
-0.4670359 -0.08695682 0.2132086 
-0.2682827 0.287884 0.3524027 
0.582239 -0.1972703 -0.6220804 
0.5036799 0.1524816 0.3257802 
-0.5341157 0.2832443 0.3744506 
0.5703121 -0.2117813 -0.2985714 
0.07351244 -0.1689939 -0.08172343 
-0.4388622 0.2647009 0.3751504 
-0.05469364 0.0675239 0.3052109 
-0.4515478 -0.1935671 -0.7404741 
0.2797617 0.0107963 0.2476429 
-0.06023331 -0.01132885 0.251408 
-0.2723442 -0.07720112 0.2579553 
-0.3062577 0.1245975 0.2925839 
0.4564863 0.2051176 0.3166792 
0.01782515 0.5208726 0.4483723 
0.1598969 0.2097904 0.3244333 
0.3032314 0.3054027 0.3535973 
0.5487917 -0.1847877 -0.7310997 
-0.3780408 0.4771556 0.4467342 
-0.3567011 -0.1110221 0.2499432 
0.07358734 0.4188832 0.3924921 
0.2671531 -0.1716082 -0.2627153 
-0.006172659 -0.176722 -0.3223499 
-0.5725965 0.5258718 0.4642986 
-0.5800675 -0.170681 -0.1444774 
0.5335328 -0.1072008 0.2024956 
0.5650253 0.2644975 0.3602739 
-0.1522793 -0.1982991 -0.6603099 
0.3258221 0.6239787 0.4682695 
0.5513707 0.6039428 0.4669883 
0.2869315 -0.2020748 -0.7021769 
0.3648249 -0.2227322 -0.739431 
0.2674755 -0.2448577 -0.405346 
-0.4373021 -0.2206752 -0.004352336 
-0.0874227 -0.2299726 -0.09069178 
-0.3419319 -0.1944541 -0.02471876 
0.2409906 -0.2488579 -0.03013707 
-0.117189 -0.2127074 -0.4661201 
-0.5197126 -0.2567238 -0.7093578 
0.3541008 -0.2494042 0.003473902 
0.3267446 -0.2345075 -0.4892521 
0.2312647 -0.1840936 -0.6506995 
0.3037429 -0.2407193 -0.21783 
0.4272173 -0.2073254 -0.7654064 
0.06749064 -0.1767905 -0.5785608 
0.07414377 -0.2220513 -0.6135466 
-0.02189262 -0.1821558 -0.5209966 
0.04537966 -0.2359078 -0.3732125 
-0.4178901 -0.1956166 -0.1390104 
0.4674058 -0.2467119 -0.09584294 
0.5276799 -0.2331032 -0.1665095 
0.5197806 -0.1707816 -0.119469 
0.1440412 -0.2150156 -0.4800962 
-0.4266969 -0.2542076 -0.314029 
-0.3898372 -0.2452754 0.06694364 
0.4982292 -0.2393845 -0.5219789 
-0.3348753 -0.1570827 -0.4867269 
-0.4371651 -0.1748554 -0.6735843 
-0.2163949 -0.239102 -0.6064649 
-0.5611964 -0.2290125 -0.5679294 
0.5775079 0.5463182 0.445482 
-0.5307593 -0.2001492 0.1687694 
0.5336092 -0.2061181 -0.7499253 
-0.5495211 -0.1996417 -0.3189398 
-0.3189828 -0.1656112 0.1626592 
-0.5414289 0.4486222 0.3989731 
-0.1868313 -0.1842499 -0.3177661 
-0.4176598 -0.2067395 0.1767724 
-0.5996055 -0.2418884 0.003681575 
-0.5855663 -0.1906937 0.1784983 
0.5674185 -0.09432254 0.2194025 
-0.1817662 -0.1976427 -0.1640725 
0.2733807 0.6001927 0.4442078 
-0.02380161 -0.1721795 -0.01041686 
-0.3306619 0.1699782 0.3482078 
0.4416738 0.3011421 0.345625 
-0.5047235 0.4349051 0.4205105 
-0.3667847 0.2354594 0.3620976 
0.5442982 -0.0188022 0.2473918 
0.2999578 -0.1747079 -0.008784528 
0.3329898 -0.2007843 -0.2178452 
0.1190441 0.6318663 0.4630208 
0.05386503 0.2424489 0.3212723 
0.1250128 -0.05571804 0.217203 
0.5800304 -0.177552 -0.2841194 
0.4840979 -0.1695005 0.02921729 
-0.3772818 0.1101384 0.3236684 
-0.1876767 0.4333841 0.4271066 
-0.1928712 -0.007084201 0.2666627 
0.0611954 -0.1064945 0.2540085 
-0.008755548 -0.1623575 0.228812 
0.04326645 -0.2039786 0.02261492 
0.5114876 0.5277426 0.4552347 
0.3647965 -0.2178124 0.1793882 
0.2275128 0.183684 0.3456439 
-0.119826 0.5106691 0.4408054 
-0.4466342 0.04578017 0.3067302 
-0.5907956 -0.2311655 -0.02261274 
-0.164284 0.2526313 0.3298122 
-0.5041381 0.2857594 0.3424811 
-0.2651711 0.4000518 0.4165879 
0.3640294 0.52637 0.4314351 
-0.04321672 0.06312313 0.3040057 
0.09644157 0.5943089 0.4394189 
-0.03965974 -0.2316727 0.1750349 
0.1696966 0.4381044 0.3951236 
-0.008116584 -0.1678821 -0.2033101 
0.4277834 -0.2059845 0.1579741 
-0.4422131 -0.1963132 0.2077609 
-0.4884947 -0.1710988 0.09848019 
0.4344893 -0.1969655 -0.2897803 
-0.4101048 -0.173558 -0.5404041 
-0.5734325 -0.1962135 -0.4396434 
-0.5540159 -0.2321252 -0.5174876 
-0.4151677 -0.2554257 -0.3152445 
0.3375502 -0.1873553 -0.5858234 
0.02525826 -0.242974 -0.2694075 
-0.3877243 0.376168 0.4049715 
-0.2291132 -0.06699281 0.2561684 
-0.08077161 -0.2351522 -0.6592973 
0.05670267 -0.2310401 0.01891037 
-0.5789621 -0.2046768 -0.6978421 
0.4934939 -0.1729777 -0.7030193 
0.2994801 -0.2259998 -0.1796368 
0.3153483 -0.2445759 -0.105387 
-0.4318855 0.6054116 0.4619786 
-0.21281 -0.1795723 0.1247542 
0.5081817 -0.1742131 -0.1025283 
-0.09823376 -0.1370738 0.1848449 
-0.5307832 0.3692419 0.3612859 
-0.4289795 -0.1257447 0.224884 
0.4060765 0.3066148 0.3859726 
-0.439276 -0.07976943 0.2396206 
0.2154926 -0.1869439 -0.6730822 
-0.5507205 -0.1944918 -0.2676438 
-0.2781721 0.5986061 0.4534177 
-0.2250705 0.4200067 0.3963623 
-0.2180388 0.619108 0.4731517 
-0.4594852 0.3070597 0.3899471 
-0.04087087 -0.2454531 0.1224283 
0.472625 -0.1284641 0.1718697 
0.008528474 0.5686846 0.4598621 
-0.4464279 -0.1973983 -0.0186601 
0.6124054 -0.2077203 -0.04850913 
0.3913558 0.1607885 0.2930632 
0.3982992 0.05477141 0.2636075 
-0.3412655 0.131276 0.3345059 
-0.5497552 0.3633928 0.3604697 
0.2679529 0.532942 0.4235644 
0.189012 0.4979672 0.4483023 
0.002776195 0.3556265 0.3611517 
-0.1052813 0.6154351 0.4635757 
0.4557903 -0.1231954 0.2510625 
-0.0750126 0.1981205 0.3309298 
0.56714 -0.1606618 0.170407 
-0.1712929 -0.1066709 0.2511053 
0.5630425 -0.1358187 0.2184418 
-0.5837228 -0.01787588 0.2380299 
-0.3336048 0.3312196 0.3873636 
-0.2523258 -0.2034323 -0.3502429 
0.4635104 -0.1953673 -0.3228549 
0.3683388 0.4831822 0.4541521 
-0.5600013 -0.1945885 0.1231575 
-0.08260126 0.6222215 0.4650751 
-0.3122279 0.01400572 0.294617 
-0.3563207 -0.178024 0.02353361 
-0.415437 0.4936792 0.4502644 
0.2168358 0.1675588 0.3023825 
-0.4773353 -0.015345 0.2843829 
-0.4944318 0.5604694 0.467375 
0.4914054 -0.169252 -0.2014137 
-0.1707733 -0.1892106 -0.1481991 
0.1978155 0.1852508 0.3105204 
0.5644808 -0.2077403 -0.191075 
0.1111862 0.03869234 0.3220479 
-0.2130522 -0.01695633 0.2670766 
-0.5408472 0.3907534 0.3847079 
0.4209767 0.4940495 0.4174817 
-0.08334409 0.03849294 0.278944 
0.1969487 0.3024807 0.3813614 
0.2713752 -0.184459 0.05848244 
0.5781249 0.5868419 0.4524372 
-0.1602524 0.5862852 0.4724244 
0.280463 0.4030908 0.3867086 
0.4662046 -0.05290844 0.2656938 
-0.6043691 -0.1948437 -0.7372116 
0.03996338 0.3848082 0.3753497 
0.2903193 -0.1805518 -0.1085005 
0.458261 0.5984029 0.4419241 
-0.238544 0.1702946 0.3522609 
0.420092 0.263002 0.3737062 
-0.5794339 0.4416794 0.3993675 
-0.4738927 -0.2037595 -0.7498105 
0.08610434 -0.1419422 0.1573385 
-0.5701144 0.5874383 0.4457017 
0.1952473 -0.1815736 0.1273388 
-0.1111507 -0.1891747 -0.2872987 
0.05855826 -0.191186 -0.3865084 
0.5831925 0.4344658 0.3886647 
-0.1788197 0.06131967 0.2982468 
0.2248845 -0.03047443 0.2846681 
-0.1636919 0.3136596 0.3519869 
0.06907474 0.3537814 0.3998357 
0.002269152 0.3202617 0.3809636 
-0.1987088 0.4865502 0.4438213 
-0.1780926 -0.213746 0.1456356 
0.5219037 0.6284063 0.4701978 
0.2648347 -0.173958 -0.3460494 
0.574344 -0.1994301 0.1577521 
0.04071926 -0.1684442 0.1793701 
0.482604 -0.1995973 0.1977999 
-0.5894186 0.4678804 0.4196517 
-0.5775911 0.2721454 0.3414548 
0.3016732 -0.2311153 0.1476633 
-0.5760681 0.5125645 0.452384 
0.579411 -0.2213973 -0.3240389 
0.5730509 -0.2151142 -0.311843 
-0.2545852 0.595428 0.4665756 
-0.4099827 0.5496812 0.4658258 
-0.5953068 -0.00558652 0.2476296 
-0.4733571 0.6151236 0.4693789 
-0.07134633 -0.174039 -0.6450005 
-0.3449088 -0.1877553 -0.559029 
0.1907829 -0.1796469 -0.494632 
-0.4549599 -0.2518832 -0.3107753 
0.1652953 -0.2260977 -0.4919686 
-0.1222412 -0.2268983 -0.5911049 
-0.4425307 -0.2346275 -0.4988377 
-0.5158076 -0.2412682 -0.5100367 
-0.1606297 -0.2467712 -0.3247013 
0.5315058 -0.1988064 0.1506645 
0.05897105 -0.1654622 -0.1906956 
0.5164741 -0.1640217 -0.1377923 
0.1815214 -0.197535 -0.5027902 
-0.2267123 -0.2353761 -0.05572303 
0.01738508 -0.2259897 0.09498572 
0.2271175 -0.254366 -0.1552744 
0.4274328 0.01519116 0.2794001 
0.18746 -0.2267519 -0.7547588 
0.1236167 -0.252781 -0.1470273 
0.0004830512 -0.1674449 -0.1938282 
-0.5413483 -0.1859021 -0.4876373 
0.4545481 -0.1609624 0.1396146 
0.1375562 -0.2310325 -0.6599857 
0.3714345 -0.2461136 -0.08135981 
-0.3515558 -0.233826 -0.6461872 
0.2685236 -0.1993014 -0.608914 
0.2065812 -0.2304534 -0.5734618 
-0.2012352 -0.2096279 -0.1689394 
-0.515342 -0.2421578 -0.6024165 
-0.1188357 -0.2396745 -0.01568164 
0.2822576 -0.2511739 -0.3205216 
0.4479721 -0.2294482 -0.7278685 
-0.3353735 -0.1905976 -0.6360931 
-0.3705389 -0.1884289 -0.7019528 
0.3629929 -0.2301821 -0.4196942 
-0.3361394 -0.2268331 -0.02362564 
-0.2533453 -0.2228723 -0.5182125 
-0.1882986 -0.2235143 -0.6783187 
0.200023 -0.2263996 -0.5167041 
-0.493338 -0.2443926 -0.5591906 
0.4313084 -0.2417146 -0.6141416 
-0.1910407 -0.2183613 -0.149848 
0.04828408 -0.2112701 -0.7064801 
0.1260393 -0.252781 -0.1494502 
-0.3624637 -0.2024938 -0.2270392 
-0.5195854 -0.1555246 0.1314714 
-0.6044345 -0.2107162 -0.5649348 
-0.605835 -0.235293 -0.003375328 
0.5728399 -0.2161891 -0.5176729 
-0.3067708 0.615136 0.4579584 
0.5353523 -0.1639077 0.1180985 
0.5872366 0.5341601 0.4192747 
0.1962778 -0.1648843 -0.1074142 
-0.5284608 -0.231478 0.1215782 
-0.05728718 0.5652054 0.4674333 
0.5337001 -0.01556483 0.245437 
-0.5415575 -0.01823643 0.225977 
-0.4392062 -0.1971993 -0.3354134 
-0.2596886 -0.1679431 0.1295925 
0.4770014 -0.1658345 0.08142328 
-0.36507 -0.175874 -0.3956828 
0.3405699 -0.1236402 0.1658729 
0.568315 0.09025958 0.2871951 
0.5727698 0.002934195 0.2691246 
0.358966 -0.1663465 0.07602659 
0.5717006 0.3236208 0.370216 
-0.5820899 0.4593582 0.4099129 
0.4795224 0.1599254 0.3127123 
-0.4049202 0.6068496 0.4678376 
-0.2847041 -0.09589603 0.2220326 
0.5110855 -0.1081607 0.2743575 
-0.5880976 -0.2118193 -0.5973008 
-0.1086285 -0.1749285 -0.4123253 
0.5186867 0.4428514 0.4233952 
-0.4869078 0.07427686 0.3143867 
0.4555467 0.201977 0.3498549 
-0.3872381 -0.03035105 0.252292 
0.02344691 0.04214621 0.2658867 
-0.277951 0.4486216 0.434458 
-0.5598163 -0.07526831 0.2460225 
-0.3793258 -0.1866297 -0.7516471 
0.1700317 -0.1854884 -0.4802407 
-0.3404767 0.5513217 0.4600102 
-0.5279118 -0.1234672 0.237694 
-0.3415703 -0.1875691 -0.7709817 
-0.1630214 0.1804207 0.3043324 
-0.4313184 -0.2076711 -0.3876188 
-0.5899782 -0.05939037 0.2318339 
-0.3347151 -0.1179259 0.2045371 
-0.1197476 -0.1821196 -0.442084 
-0.5093046 -0.1929254 -0.7412518 
-0.4969745 -0.2199675 -0.1597504 
-0.1419747 0.6088836 0.4663133 
0.3361899 -0.1504655 0.1323453 
0.2817825 0.3431286 0.3859509 
-0.3727382 0.08730418 0.2732308 
0.2218264 0.5718423 0.4674737 
-0.3389003 0.2527704 0.373638 
-0.03921129 0.4546768 0.427605 
0.5684797 0.1401004 0.3032749 
-0.2983027 0.3735215 0.415078 
0.5130055 -0.1845684 -0.3127321 
-0.2751736 0.1211726 0.3317701 
-0.1376168 -0.176641 -0.107282 
0.1082873 0.5749863 0.4365224 
-0.5063132 -0.1868693 -0.06573621 
-0.02273153 0.5756509 0.4636437 
-0.2084743 0.5279105 0.4583311 
-0.3730137 -0.1979205 0.1712467 
0.5276954 -0.1767433 0.00808142 
0.5593054 -0.1788853 -0.443121 
0.3422843 -0.2003285 -0.2047866 
0.3375382 -0.1753887 -0.1002981 
0.1944919 -0.2005791 0.003394078 
0.4179607 -0.1646692 0.0400469 
-0.013899 -0.1765163 -0.09309874 
-0.5542837 -0.2006763 -0.7573995 
0.5692832 0.3008932 0.3585413 
-0.4534163 -0.2042322 -0.2923243 
-0.06607039 -0.2152651 0.1701041 
-0.5557461 -0.2019122 -0.758469 
-0.5334332 0.5706543 0.4373356 
-0.1895911 -0.09534866 0.2136705 
-0.3787172 -0.2161114 -0.7620197 
-0.1870119 0.622501 0.4727269 
-0.4618373 0.3990778 0.3874854 
0.3763984 -0.2374442 -0.6491818 
0.133807 -0.2382577 -0.5430781 
-0.3797771 -0.1788514 -0.5171637 
0.09408596 0.3333764 0.3544195 
0.4915125 0.5022073 0.4168652 
-0.03890201 -0.03660043 0.2761125 
0.1817019 -0.04976109 0.2217167 
-0.232104 0.4221151 0.4057738 
-0.430659 -0.06783845 0.2484275 
0.07296518 -0.2396616 -0.07001226 
0.1287038 0.2542979 0.3571296 
0.00869983 0.1091737 0.3252316 
0.08340155 -0.2078083 -0.6813861 
0.007327256 -0.2380746 -0.5416358 
-0.05621647 -0.2452572 0.04595554 
0.08703852 -0.2394443 -0.3118165 
-0.584743 -0.1934802 -0.1079986 
0.03581023 -0.2469152 -0.1720784 
0.4279246 0.2270495 0.320217 
0.159678 0.2089817 0.3227617 
-0.06750267 -0.1859331 -0.5003378 
0.1385735 0.07968735 0.26782 
-0.3409221 0.08335197 0.3179623 
0.443702 -0.2448196 -0.1305898 
0.5365044 -0.234562 -0.1298355 
0.1191386 -0.2519895 -0.1559742 
-0.2119986 -0.09975831 0.2227343 
0.02754273 -0.08069982 0.2630158 
-0.4839923 -0.2477177 -0.2984899 
-0.2912511 -0.178456 -0.1096581 
0.5406686 0.2080232 0.3461593 
-0.510982 0.3069149 0.3911627 
0.1545574 -0.1792506 -0.284993 
0.2625336 -0.1910504 -0.6321893 
0.3718775 -0.2213739 -0.6212894 
0.2888997 0.3405535 0.3847924 
0.3997371 -0.21886 -0.3523184 
-0.1809224 -0.2410918 -0.3300611 
0.1962364 0.08237632 0.3245334 
-0.5175043 -0.02518511 0.2169082 
-0.1492961 -0.01537478 0.2740121 
0.3578898 0.08930876 0.2711869 
-0.3533278 -0.1918586 -0.5455261 
-0.5118406 -0.2565704 -0.7096 
0.4804975 -0.1559832 -0.5859752 
0.3464864 0.2680477 0.3668499 
-0.5693604 -0.1842324 -0.589797 
-0.05297514 0.3668996 0.3871672 
0.1470224 -0.06370685 0.2695018 
-0.07451336 -0.1761171 -0.6117635 
-0.07227262 -0.2293029 -0.3564079 
0.4714971 -0.2416003 -0.1603865 
-0.3683845 -0.1986292 -0.190734 
0.50706 -0.2340304 -0.4495629 
-0.2507466 -0.2425098 -0.4486419 
-0.5231346 -0.2336641 0.08518681 
0.1458084 -0.1981371 -0.4764792 
0.4433584 -0.1740635 -0.5526897 
-0.2906271 -0.2224547 0.03835533 
0.1761804 -0.2019476 -0.7382023 
0.318121 -0.204727 -0.5876145 
0.5693195 0.18287 0.3191581 
-0.08917642 -0.1784346 -0.3659764 
0.04546129 0.4572207 0.3948415 
-0.382901 0.2736033 0.3791207 
-0.02833281 -0.1198666 0.1988316 
-0.5797022 -0.09783948 0.2149749 
0.4621142 0.4875939 0.4437495 
-0.5819326 0.5072998 0.4468466 
0.2491158 0.275081 0.3576402 
0.2923142 0.3125026 0.3658037 
-0.485916 0.6174089 0.468535 
-0.4506307 0.1856352 0.3410327 
-0.3779734 0.4352819 0.406987 
-0.145692 -0.1804651 0.01821549 
0.279243 0.1915289 0.3477054 
-0.4506958 0.4240747 0.3982171 
0.08012953 0.4281678 0.3977223 
-0.5580502 0.5955818 0.4556514 
-0.2803667 -0.1966689 0.2028926 
-0.00691243 -0.1882874 -0.7283262 
-0.4319549 -0.1468868 0.1836125 
0.5011688 0.02704675 0.2658255 
0.2505658 0.08921161 0.3240269 
0.0832575 0.2259454 0.3508548 
-0.3951201 0.4253908 0.4212734 
0.1111242 0.1165016 0.2810671 
0.164268 0.233707 0.3224542 
0.5382941 0.4843772 0.4379037 
-0.1568801 0.5317526 0.456436 
-0.2901729 -0.02563587 0.2782254 
-0.4250434 0.2857063 0.3391597 
0.2236793 0.473934 0.4446981 
0.3702938 0.5208647 0.4417536 
0.3931607 -0.1734042 0.1777168 
0.07041235 -0.2314494 0.1809122 
-0.1736043 -0.2000667 0.2032123 
-0.45458 0.5530345 0.4314856 
-0.2629412 -0.1820663 -0.7797234 
0.02961791 0.07322805 0.2734562 
0.6130457 -0.2043042 -0.0612681 
-0.04383602 0.04950281 0.2921872 
0.04596283 0.5988833 0.441057 
-0.5842056 -0.196348 -0.08777177 
0.06455593 0.5917857 0.4370596 
0.0773592 0.2335355 0.3513911 
0.5217003 0.06274535 0.3002785 
0.1024744 -0.1281717 0.2439504 
-0.2778281 -0.1410396 0.2403568 
0.2090698 0.4367248 0.3948998 
0.5201836 0.3425112 0.3624061 
-0.319301 0.4653546 0.4416159 
0.3534234 -0.1660078 0.2208355 
-0.4256251 -0.1771565 0.2232732 
-0.06240551 0.4841821 0.4086611 
0.3764032 0.3565329 0.3675309 
0.09523865 -0.1719077 -0.6695374 
0.2592429 0.1480688 0.3385777 
-0.122055 0.08588219 0.3124655 
0.4420364 0.3893908 0.4102234 
0.03498839 0.02451694 0.3061232 
-0.4198277 0.5670343 0.4351648 
-0.2668194 -0.1719678 0.1152794 
-0.2778034 -0.179431 -0.1434807 
0.2234708 -0.1953404 0.2094468 
-0.3743266 -0.1953152 -0.1206065 
-0.09219957 -0.1821254 -0.6714309 
-0.3538031 0.3890977 0.4114141 
0.4568293 -0.1792412 -0.3552339 
-0.0940152 -0.2169364 0.1526861 
0.5293602 0.1854556 0.3426858 
0.2304875 -0.2287007 -0.5710186 
0.3574806 -0.2498021 0.07827492 
0.3101676 -0.2024278 -0.7132408 
0.5184435 -0.1344386 0.1784331 
0.5378706 0.6032302 0.470543 
0.3542892 -0.07352654 0.2081613 
0.1537913 -0.2410121 0.02140779 
0.2487215 -0.2195472 -0.5949163 
0.2511806 0.5656562 0.4331015 
0.4146168 -0.2482787 -0.0598739 
0.5044088 -0.05387574 0.2235693 
-0.2070297 -0.151934 0.2357267 
-0.1768511 -0.1770068 -0.5044196 
-0.1426539 -0.1797975 -0.1298236 
0.2081987 -0.2484558 -0.3429775 
-0.08855996 -0.2041367 -0.4919728 
0.2694018 -0.2523681 -0.2548873 
-0.3763374 -0.1777266 -0.5764112 
0.4107209 -0.214649 -0.5810043 
0.4428265 -0.1739472 -0.7031804 
0.3698166 -0.2014624 -0.6008622 
-0.5676375 -0.1843206 -0.6359939 
-0.5067576 -0.2391 -0.2962368 
-0.1934748 -0.2236383 -0.6774906 
-0.05925823 -0.2375189 -0.3096687 
-0.09463512 0.5041773 0.4253072 
-0.08277725 -0.1891354 -0.7025923 
-0.03915375 -0.1791208 -0.6993737 
-0.5744202 -0.2079744 -0.270077 
-0.3390272 -0.1836674 0.1606814 
-0.3287605 -0.2275405 -0.1457506 
-0.2183528 -0.2340923 -0.1075231 
0.5886695 0.3592688 0.3857148 
-0.0964977 -0.224122 -0.7598324 
0.01837644 0.5035071 0.4064215 
0.02246395 -0.2319399 0.1682764 
0.01847496 -0.2084181 -0.5869474 
-0.1431703 -0.2355589 -0.05989376 
-0.05152023 -0.2309861 -0.2442267 
0.5485564 -0.2096991 -0.299436 
-0.153798 -0.1925021 -0.6576738 
0.1053693 -0.216099 -0.6666921 
-0.5688176 -0.1798075 0.1346376 
0.2261311 -0.1772916 -0.0503422 
-0.117355 -0.2180559 -0.2601098 
0.488795 0.1321744 0.2980908 
-0.199964 -0.1894041 -0.6063791 
0.296946 -0.185927 -0.6472174 
0.5248262 -0.1709594 -0.7047434 
0.5106861 -0.2297402 -0.7409385 
0.4402975 -0.2357593 -0.5899197 
0.3545766 -0.233958 -0.7303403 
-0.1800904 -0.2092861 -0.6835912 
0.5283339 -0.1635987 -0.6613948 
0.4163167 -0.2516811 0.02890084 
-0.2687313 -0.2331472 -0.2836202 
0.3524728 -0.1925141 -0.7104328 
-0.542549 -0.1803496 -0.6869289 
0.3625357 -0.2050515 -0.728838 
0.1377459 -0.2412525 -0.0102275 
-0.3924494 -0.2528075 -0.7135004 
-0.3432446 -0.1795682 -0.5714346 
-0.4684909 -0.2399145 -0.4555944 
0.5578101 -0.2264362 0.1036498 
0.3739589 -0.1725607 -0.5170562 
-0.4528439 -0.1698676 -0.6240905 
0.5402651 -0.2365202 -0.5185041 
-0.4494926 -0.2436264 -0.5722615 
-0.1001759 0.1246194 0.3279884 
0.3466049 -0.2039915 -0.2000755 
-0.576546 -0.1906436 -0.7193147 
-0.5061266 -0.2240994 0.1734802 
0.09665294 -0.2482656 -0.2451149 
-0.1382122 -0.196688 -0.6900827 
-0.1410921 -0.2021607 0.1435129 
0.319085 0.1937036 0.348371 
-0.1968621 0.378175 0.3949826 
0.2894379 -0.2056222 0.1932503 
0.2711831 0.3294894 0.3716913 
-0.0435584 -0.1813505 -0.5826406 
-0.168798 -0.2130964 -0.664224 
0.2172336 -0.254239 -0.2481477 
0.1962715 -0.2371888 -0.4469295 
-0.3929688 -0.2530342 -0.7156045 
0.4038466 -0.240457 -0.6279916 
0.0778501 -0.2345422 -0.5237862 
0.335286 0.005966458 0.2857194 
0.5246273 0.00745297 0.2661422 
-0.3772632 -0.2055928 -0.3925709 
0.5556838 -0.1698169 -0.5022746 
0.4528413 -0.2495424 -0.0147807 
0.4355395 -0.2126222 -0.3339677 
-0.4489961 -0.2176745 -0.7567074 
-0.541649 0.3626842 0.3584977 
0.4143506 -0.1919661 -0.2346528 
-0.337745 -0.1933573 0.1941628 
0.5756493 0.4766659 0.4223559 
0.1630986 -0.2217427 0.1885572 
-0.3686875 -0.1910466 -0.5668997 
0.2002446 -0.2168341 -0.527885 
-0.3912643 -0.179492 -0.4811546 
-0.4572129 -0.2045347 -0.2737027 
0.5870084 -0.1987381 -0.458349 
0.4889387 -0.1730409 0.1290698 
0.1077924 -0.2046185 -0.7370587 
0.4524617 -0.2437282 0.1058126 
0.5631011 -0.2308416 -0.01854386 
-0.4057562 -0.2180639 -0.7608106 
0.557343 -0.2030247 -0.3000247 
0.3242714 0.6323584 0.4637876 
0.1834381 -0.1663066 -0.1956634 
-0.5889464 -0.2018096 0.1992343 
0.490405 0.4384684 0.4013809 
0.5326834 0.2353344 0.3270958 
-0.198158 -0.1764143 -0.4670348 
0.3636264 0.08575545 0.2960103 
-0.2539957 -0.1956726 0.1110214 
-0.07898892 0.4553482 0.4095293 
0.1748824 -0.1781945 -0.3504793 
0.4261947 0.4248285 0.420939 
-0.5738603 0.2000357 0.3280535 
0.5844846 -0.2026898 0.06166836 
-0.4402614 0.2481838 0.3256025 
0.1577166 0.3972545 0.4168703 
-0.2255332 -0.2100086 0.1274036 
0.5808751 0.5203628 0.417382 
-0.3693745 -0.1936705 -0.04568992 
-0.3618402 -0.004469433 0.2537541 
-0.09766556 -0.1239152 0.2464457 
-0.5424346 0.3634614 0.3634004 
0.2513437 0.01797806 0.3004032 
0.5511269 -0.1741816 -0.4702184 
0.4846335 0.2860386 0.3403279 
-0.03305934 -0.1708157 -0.0004824812 
0.4910405 -0.2218655 -0.7656413 
-0.295618 0.1574308 0.3488289 
0.3604671 0.5782791 0.477575 
0.3154761 0.534405 0.426686 
-0.3610727 0.4911253 0.4181209 
0.2440183 0.4186465 0.3899319 
0.1286763 0.2543238 0.3570934 
-0.5151399 0.2574039 0.3654986 
-0.5235582 -0.1835004 -0.4658203 
0.0767247 0.3234059 0.3915719 
0.5675954 0.008357939 0.2637939 
-0.3105998 0.3983658 0.4180493 
0.1160295 0.5663596 0.4330392 
-0.1517779 0.619664 0.4736844 
