0.2075224 -0.1560709 -0.639816 
-0.5884931 0.5948415 0.4635607 
0.5768641 0.3575701 0.3656831 
-0.5900189 -0.1935069 -0.06081473 
0.1613201 -0.2118105 0.196564 
-0.5186918 -0.2188085 -0.7731965 
-0.04074237 0.56315 0.4259369 
-0.3010641 0.1705976 0.3144715 
0.5889381 -0.2238599 -0.2455122 
-0.1337157 -0.2239367 -0.2549913 
0.4882028 -0.1264837 0.1884066 
0.1927085 0.2003743 0.3080176 
-0.1643545 -0.2048907 0.2158028 
0.5794768 -0.1983276 -0.733628 
-0.6314529 0.04137617 0.2402202 
-0.03551254 -0.2588119 -0.6472102 
0.2008587 -0.2495792 -0.2679566 
-0.5404429 -0.1603009 -0.4194088 
0.5317576 0.6148012 0.4937906 
-0.1277477 0.5155122 0.3991113 
-0.631382 0.3914492 0.3722726 
0.4701321 -0.2354411 -0.02716396 
0.4625236 -0.2171659 -0.3952383 
-0.04099999 -0.09996958 0.2264737 
0.1997185 0.403178 0.4108658 
-0.02209107 0.3374071 0.3915527 
0.3765468 -0.1076232 0.2486949 
-0.3237511 -0.2204608 -0.1292635 
-0.1313251 -0.270314 0.01491767 
-0.3872792 -0.1746307 -0.5411522 
0.04105344 -0.1912189 -0.4833845 
-0.4472438 -0.1350863 0.1890553 
0.546619 0.1016573 0.3018627 
-0.4194702 0.01093375 0.2034361 
0.5814075 0.5900262 0.4505459 
-0.4519466 -0.3145475 -0.4346651 
-0.003480871 -0.1784137 -0.7726247 
0.4302164 0.3379396 0.3380182 
0.4389058 -0.224392 -0.7340182 
0.2198116 -0.1581578 0.01509266 
0.2643194 -0.2618096 -0.4892295 
0.1019074 -0.1286335 -0.2175356 
-0.06204059 -0.2407684 0.1856414 
-0.4315306 0.186454 0.3099279 
-0.3208442 0.65132 0.4418873 
0.06580543 0.125208 0.3037749 
0.4873449 -0.2416465 -0.1884703 
-0.2119044 -0.2421072 -0.8574624 
-0.4208252 0.3625737 0.3584054 
-0.5246063 -0.2654248 -0.6501109 
-0.1158591 0.6200187 0.461943 
0.459001 0.4275174 0.4227615 
0.1697037 -0.03197255 0.1770946 
0.4020428 -0.2013998 0.1940598 
-0.4703016 0.4322241 0.4610647 
0.2328754 0.5760167 0.4784025 
0.6055694 -0.2246442 -0.4555376 
0.6232039 -0.2618537 -0.03698333 
-0.5677533 -0.07645192 -0.2636907 
-0.1146922 -0.2328914 -0.4673901 
-0.2022673 -0.09018227 0.2571975 
-0.1148641 0.5696028 0.4764323 
-0.4912097 -0.2467288 -0.008254403 
0.1464743 0.3132637 0.3467688 
-0.2130586 -0.2443583 -0.09334413 
-0.334726 -0.1727842 -0.3157551 
0.5814316 -0.2059419 0.1403572 
0.5822756 -0.1782965 -0.6813456 
0.3384435 0.05270483 0.269334 
-0.5169128 0.4084214 0.3663837 
-0.3899986 -0.2531582 -0.6067425 
0.3117372 -0.1654868 0.1175466 
0.11325 -0.2320495 -0.08133126 
-0.5872141 -0.07409465 0.1813462 
-0.234482 0.3535533 0.3736826 
-0.333477 -0.1398904 -0.1237619 
0.3823184 -0.2581146 -0.2413965 
-0.06182872 -0.2559939 -0.655408 
0.03137339 0.5152271 0.4365118 
-0.2063466 0.08948808 0.3327756 
0.4837464 -0.08574658 0.2764502 
0.4349148 -0.2508527 -0.5545725 
-0.5767497 -0.09259726 -0.1470314 
0.06300586 -0.1230924 0.1977257 
-0.5609965 0.2818126 0.3437443 
0.1933236 -0.2075922 -0.3459478 
-0.00247653 -0.1537501 -0.06240198 
0.575755 0.1961124 0.3205239 
0.582804 -0.00126499 0.2591674 
0.6263461 -0.2048832 -0.5483595 
-0.5485917 -0.2515948 -0.4886819 
-0.4799566 -0.1816515 0.2229507 
0.5166203 -0.2013194 -0.1000083 
-0.1114586 0.1788906 0.3458936 
0.2393822 -0.2014893 -0.6265935 
-0.03296352 -0.170292 -0.3816083 
0.4882931 -0.1806894 -0.3458391 
-0.2356478 -0.2020473 -0.2639665 
-0.5884856 -0.01572313 0.2448013 
0.2156816 -0.04180269 0.1773473 
-0.1979891 -0.1509979 -0.5489337 
0.4278383 -0.1815286 -0.1250607 
0.3651664 0.3312946 0.3793157 
-0.0832183 -0.1542943 -0.09266189 
0.2883151 -0.1635806 -0.8090984 
-0.4461088 -0.1657744 -0.3976868 
0.08035084 0.05804181 0.3222064 
-0.1071035 -0.1631788 -0.7259792 
0.3700961 0.5977808 0.4550707 
-0.2065029 -0.04041349 0.2786063 
-0.1013265 -0.2496667 -0.5836903 
-0.1948418 -0.2272326 0.04945715 
-0.5817322 -0.1805219 -0.7141172 
0.1435456 -0.2243479 -0.6732116 
-0.06707047 -0.1800648 0.2206855 
0.5574793 0.5893059 0.5199542 
0.357881 0.1457516 0.4703103 
-0.2315462 0.5223619 0.4355029 
-0.5204132 -0.1954251 -0.3546702 
-0.2043687 -0.2404515 -0.5543669 
-0.547543 0.09582211 0.2946248 
-0.4398582 -0.1294786 0.07936351 
-0.1334188 -0.2023547 -0.4612203 
-0.3064305 -0.1915023 0.0307528 
0.1101632 -0.2255175 -0.05871248 
-0.4846948 -0.1882795 -0.6134456 
0.502188 0.4646456 0.4432332 
0.4296794 -0.2464347 -0.5344029 
0.2384446 0.404792 0.3607245 
-0.354135 0.1707006 0.2910797 
0.4614025 0.2925158 0.3689182 
-0.1170032 0.4699288 0.4395063 
0.07839375 0.365971 0.4085788 
0.2256433 -0.1561568 0.2281602 
0.4801092 -0.2451817 0.03277312 
-0.5079936 0.2445036 0.3273744 
-0.4445267 0.05417039 0.3102482 
0.3700605 -0.1462506 -0.1952604 
0.4735119 0.3989521 0.3563637 
0.09333786 -0.2454442 -0.3594915 
-0.2174214 -0.167741 -0.7060419 
-0.08845663 -0.2472199 -0.6861683 
-0.3012627 0.3091558 0.3829339 
-0.4396614 0.5818616 0.5104948 
-0.3595397 -0.2192751 -0.2584719 
0.2084862 -0.2311102 -0.7905458 
0.2836211 -0.2014436 0.07010307 
0.3010172 -0.1733481 -0.5623994 
0.4588861 -0.2394193 -0.6688972 
-0.4823941 -0.2000046 0.1854143 
0.1800783 -0.1696971 -0.2581558 
0.1912657 -0.1677255 0.01322212 
0.05470095 0.5655985 0.467411 
0.1858964 0.03823373 0.3349052 
-0.01114694 0.2285377 0.3272475 
-0.3876925 -0.1517638 -0.1496498 
-0.5701446 -0.2228799 -0.7395902 
-0.05834166 -0.3631588 -0.226654 
-0.1686698 -0.2035121 -0.7314609 
-0.5589242 -0.2674375 -0.2209176 
0.2311632 -0.2265896 -0.2506547 
-0.08271375 -0.1641038 0.104544 
0.4386865 -0.2186773 -0.2060796 
-0.1913617 -0.1872294 -0.04786137 
0.5251794 -0.2188264 0.1757802 
-0.5730392 -0.1618914 0.2126908 
0.5741251 -0.2027621 -0.3822003 
-0.4880432 0.3970687 0.3580594 
0.4549279 -0.0825821 0.1987884 
-0.4524148 0.4512467 0.4017956 
-0.3494633 -0.1974015 -0.6913813 
-0.02558129 0.287065 0.3510473 
0.5317801 0.6147867 0.4937811 
-0.3742446 -0.336253 0.1560105 
-0.3854143 0.5736615 0.4375183 
-0.5628312 -0.1486831 -0.4192946 
0.1893317 -0.163815 -0.02705365 
0.03923027 -0.225849 0.05522829 
0.06560685 -0.1885189 -0.4130324 
-0.1922614 -0.1674969 -0.4525077 
0.6360064 -0.2488948 -0.03400849 
0.6224546 -0.2263263 -0.4575319 
0.4248721 -0.1813221 -0.6307197 
0.5304268 -0.2566295 0.07064065 
0.3912518 -0.285929 -0.6556153 
-0.02846438 0.7341959 0.5023538 
0.1857749 -0.2475485 -0.3301173 
-0.5091671 -0.2526078 0.02612391 
-0.5297213 0.4689041 0.4496813 
0.5756732 -0.1707982 0.1953588 
-0.1448377 -0.1716771 -0.1140612 
-0.1739333 -0.2169552 -0.2589196 
0.1769773 -0.1751029 -0.1744819 
0.03498713 -0.1145362 0.1910136 
-0.1974989 0.570296 0.4329198 
0.2009862 0.371115 0.4158561 
0.02338664 -0.104761 -0.06063539 
-0.3160419 -0.2271413 -0.595942 
0.3207015 0.1665433 0.291979 
-0.08500782 0.09494931 0.3149061 
0.04041025 -0.01695693 0.2312079 
-0.5798473 0.05625484 0.2673554 
0.2237999 0.5165931 0.5548292 
-0.06147631 -0.1617458 -0.3364791 
-0.290164 -0.1800202 0.2247225 
0.1482104 -0.233579 -0.06996039 
-0.3716492 -0.2463347 -0.4207191 
-0.07649386 -0.2450412 -0.4501093 
-0.2149577 -0.098288 0.2345525 
-0.3774887 -0.2581027 -0.5790601 
-0.5648645 0.231781 0.3371247 
-0.3548504 -0.165558 -0.3448038 
-0.05241403 -0.1976036 -0.6521861 
0.5833351 -0.1954911 -0.7821453 
-0.2367728 0.3683582 0.5177842 
0.6100484 -0.2249119 -0.4483467 
0.3067616 0.08669138 0.3468935 
0.07728668 -0.1558334 -0.2858884 
-0.1834352 -0.2131705 -0.64547 
0.08080537 0.4160709 0.4282396 
0.173795 0.03869749 0.2981087 
-0.5047747 -0.1910846 -0.2288402 
0.4264689 -0.0764963 0.02821271 
0.3178785 -0.1841403 -0.3041871 
0.3337291 -0.1995941 -0.3311439 
0.3495218 -0.2074957 -0.5292619 
0.5797957 -0.1970604 -0.7895826 
0.5045323 -0.2411357 -0.6476384 
-0.09821562 -0.03660511 0.2431425 
-0.2180296 -0.1998084 0.04335341 
0.3270074 -0.2215427 0.1914053 
0.1402026 -0.2346559 -0.4133592 
-0.2631298 -0.1637734 -0.08712846 
0.4321077 -0.158895 0.1875246 
-0.6490672 -0.1756817 -0.09603909 
0.3916299 0.6395988 0.4477095 
0.470331 -0.1952913 -0.07964361 
-0.5981572 -0.2120217 -0.7974906 
-0.5705419 0.3004486 0.3592677 
-0.1392726 -0.1691923 -0.145536 
-0.1259657 0.3532059 0.3666596 
-0.5753274 0.2267027 0.3619615 
0.05440408 0.5826187 0.4675061 
0.1084966 0.3698794 0.3724144 
0.09327448 -0.225232 0.147181 
-0.3140244 -0.1305462 0.2527093 
-0.1039232 -0.2217627 0.1668055 
0.2262142 0.5143417 0.4037373 
0.3279257 -0.1911485 -0.6169015 
-0.3744979 -0.06108611 -0.5912405 
0.1743944 0.1537626 0.3293226 
-0.3339103 -0.1563424 -0.2888438 
0.1964181 -0.1902483 0.1205477 
-0.2946742 -0.1779219 -0.4653514 
-0.5688803 -0.04830255 0.2456256 
-0.426698 -0.1110563 0.119313 
-0.2479122 -0.251437 -0.1732907 
0.02510972 -0.2336169 0.1373589 
-0.1936961 -0.2613056 0.0004030907 
0.3165793 0.3322181 0.4296665 
-0.5338616 0.3589548 0.3465472 
-0.02566225 -0.1596945 -0.6061417 
0.03321071 0.3126575 0.3587001 
0.2510133 0.05982637 0.353067 
0.5667302 0.1574088 0.3423685 
-0.1146374 -0.1532126 0.1663066 
-0.06026544 -0.1572251 -0.2805324 
0.5035613 0.1096091 0.264858 
0.1499257 -0.2077305 -0.6610176 
0.619851 -0.2267016 -0.4694835 
0.4914755 -0.1825438 -0.3873258 
0.2809936 -0.1580631 0.08990209 
-0.4980914 -0.1843465 -0.6287506 
-0.6006343 -0.2151206 -0.424654 
0.102773 0.1393386 0.3576973 
-0.1425975 -0.1679106 0.1138639 
0.1193885 -0.2124092 0.2003823 
0.07245339 -0.2463178 -0.5330945 
0.3766817 -0.1926709 -0.3422152 
0.2683375 -0.2323447 -0.6965519 
0.5831564 -0.1886482 -0.6403384 
0.01043092 0.3005381 0.3393397 
0.1492968 -0.1541698 0.03355206 
-0.1492332 0.1116189 0.3198395 
-0.5267469 -0.0768076 0.1777681 
-0.09006357 -0.2438951 -0.1825764 
-0.381668 -0.2540151 -0.6071216 
0.585687 -0.2123575 0.07532784 
0.1104632 -0.1818527 -0.7049409 
-0.4591189 -0.1605339 -0.4548934 
0.2449199 -0.1501855 0.07683709 
-0.2885138 -0.1603844 -0.0902564 
-0.312403 -0.2051607 0.1781882 
0.2120097 -0.210714 -0.2704228 
0.4766011 0.2789551 0.3836591 
0.4031305 -0.01196545 0.2433976 
-0.5659374 -0.2517901 -0.2329535 
0.3968468 -0.2408319 0.01312096 
0.078634 -0.1817742 -0.4736964 
0.3717193 -0.2148952 -0.6344226 
0.3819597 -0.259313 -0.5645043 
0.4662718 -0.207477 -0.1423421 
-0.4095772 -0.245743 -0.3140942 
0.09832158 -0.1781515 -0.4588526 
-0.2832729 -0.268748 -0.4088143 
-0.1939288 -0.1699695 -0.3228223 
-0.0756295 0.1214533 0.3087339 
0.5791343 0.4213742 0.4127823 
-0.5757361 -0.1817249 -0.5079819 
0.1370777 -0.10029 0.1012785 
-0.5195059 -0.1663586 -0.5230571 
-0.5828179 -0.2005365 -0.02334007 
-0.04239406 0.461095 0.4672093 
0.4334539 -0.261814 -0.2381493 
-0.2602854 -0.1635774 -0.2076524 
-0.1995902 0.4350725 0.4393862 
-0.3755997 -0.1910129 0.1857098 
0.3164483 0.5815885 0.4458244 
-0.4776051 0.5541902 0.428129 
0.5030814 -0.1391865 0.1876621 
-0.3575643 -0.2229708 -0.7614138 
0.5084335 -0.2409145 -0.1997422 
-0.3039287 0.1951869 0.4418826 
-0.2639293 -0.1741228 -0.7914705 
0.04890762 0.2715126 0.3360439 
0.5926746 -0.01081893 0.2983864 
0.4555517 -0.1985802 -0.1275118 
-0.4797653 -0.2275189 -0.06743512 
-0.4126168 -0.2574948 -0.2822971 
0.05236984 -0.1678711 -0.6988913 
-0.4766791 -0.2591332 -0.6573408 
-0.2619675 -0.2217456 -0.0329049 
0.3593362 -0.3311533 -0.1134223 
-0.5070674 -0.2641217 -0.1764408 
0.4100678 -0.2289021 0.1300949 
-0.333014 0.6406505 0.4462661 
-0.5744606 -0.2052169 0.1719498 
-0.5623141 -0.1817086 -0.3895373 
0.4894466 -0.2335769 0.1843191 
-0.4997705 -0.1994686 0.1836718 
0.5060902 0.5032813 0.4191587 
0.3923305 -0.1914415 -0.08194388 
-0.1416939 -0.2570886 -0.0039055 
0.2509954 -0.2330066 -0.7075817 
-0.5151256 -0.184342 -0.5992342 
0.3231916 -0.1705415 0.1659486 
0.3297685 0.3025184 0.4087157 
-0.1709742 -0.1709154 -0.645636 
0.1601807 -0.2228284 -0.2620406 
-0.0323343 -0.1988755 0.197374 
-0.5031807 0.08496226 0.2918151 
0.1625306 -0.1871965 -0.5086056 
0.5493424 -0.1827012 -0.2282739 
0.1630547 -0.1561189 -0.2155099 
0.6167351 -0.1886526 -0.5595726 
-0.122449 -0.1960454 -0.3288645 
0.1863848 0.5747724 0.4362085 
-0.4935042 0.07346582 0.3017732 
0.4896943 0.4264488 0.309602 
0.4485459 -0.0523178 0.2930332 
0.5807012 0.1749422 0.3510561 
-0.5604697 -0.2352326 -0.2711135 
0.4719653 -0.3539537 -0.5762056 
0.494432 -0.1840049 -0.4405306 
0.3135083 -0.1895018 0.09088296 
-0.07348523 -0.3523003 -0.7550445 
-0.4601004 0.606342 0.4300472 
0.1416195 -0.231016 -0.1454925 
-0.2785688 0.03467205 0.2789412 
0.5817788 -0.353763 -0.118049 
-0.4746738 0.3965749 0.3671936 
-0.3262397 -0.1619865 -0.09637631 
0.2269428 -0.1932037 -0.1674605 
-0.5976875 -0.02401668 0.243059 
0.5077143 -0.1916463 -0.6869538 
-0.3794631 0.1419377 0.3169649 
-0.2342129 0.535476 0.4310471 
-0.08843319 -0.3896837 -0.3715301 
-0.3572347 -0.2402163 -0.03194499 
-0.1068092 -0.167006 -0.7267873 
0.3439146 0.3907567 0.3742951 
0.04986269 -0.2658352 -0.6797307 
0.06561068 -0.004890545 0.2325758 
0.5485277 -0.197878 -0.1131598 
-0.5093346 -0.06964537 0.2514496 
0.2976624 -0.2223726 -0.1915632 
-0.4248216 0.6007936 0.5091634 
-0.2824642 0.02242719 0.2839009 
-0.2132945 0.2108919 0.3664467 
0.4720276 0.3571658 0.3783524 
0.131107 0.4973557 0.407744 
0.2463105 -0.1642271 0.05816843 
0.2357779 -0.2150584 -0.04696842 
-0.724965 0.4951392 0.4638987 
-0.4924463 -0.07882409 -0.8784624 
-0.6095779 -0.2189071 -0.1402684 
0.2292592 0.03108699 0.2496402 
0.4646889 -0.2428399 0.08455016 
0.2066202 -0.1950541 -0.2968419 
-0.6116182 -0.2460885 -0.5871886 
-0.005778207 -0.1715915 -0.5476363 
0.04315064 -0.1916447 -0.4734224 
-0.1926927 -0.2340612 -0.4006728 
-0.5720056 0.2354296 0.3250374 
-0.4536172 -0.07253261 0.1869915 
-0.36783 -0.176278 -0.4984916 
-0.3327551 -0.21137 -0.7611058 
0.2572609 -0.2395974 -0.09462811 
-0.3407269 -0.1395825 -0.2424748 
-0.1615431 -0.1403153 0.08495471 
-0.5944816 -0.2201103 -0.6864274 
-0.2723689 -0.2048655 -0.5252591 
-0.4330415 -0.1351631 0.06453992 
-0.3382037 -0.1414543 -0.1219549 
-0.6442732 -0.03343629 0.2169995 
0.2698175 0.1831653 0.3288986 
-0.09504189 -0.2387717 -0.4575886 
-0.5707585 0.2723483 0.3628103 
-0.5793071 -0.2110354 0.02931307 
0.3549556 -0.1905175 -0.7162402 
-0.06753954 -0.3779074 -0.1340638 
0.2004293 -0.1911128 -0.1592628 
-0.2017985 -0.09736859 0.2430997 
0.04393951 -0.2380035 -0.2518478 
-0.2672381 -0.1330139 0.174328 
-0.3445511 -0.200651 0.1823271 
0.06835973 0.1179459 0.3519771 
-0.4037085 -0.1576913 -0.2909161 
-0.3567446 0.5984708 0.4709374 
-0.2616636 0.07459087 0.3346624 
0.5593259 -0.2054377 -0.2966197 
0.5564148 0.5821646 0.5133492 
-0.4064535 0.3818853 0.3664966 
-0.4062271 0.2660972 0.4290254 
-0.01845276 -0.2242134 -0.1756731 
0.3697509 0.09427344 0.3254961 
-0.2832548 -0.2687503 -0.4088683 
-0.2459352 -0.1330379 0.1842052 
0.07643449 0.5852797 0.4485197 
0.2603384 -0.1793234 -0.7108912 
-0.03288276 -0.1077127 0.2321555 
0.1378357 -0.1944532 -0.6118345 
0.3323373 -0.03990219 0.2186557 
0.2304154 -0.1765074 -0.4138163 
-0.05649135 0.2826442 0.3667173 
0.3872097 -0.2468554 -0.8423229 
-0.3150987 -0.1532943 -0.2117188 
0.2166751 -0.2355084 -0.5946286 
0.3398731 0.5636394 0.4583609 
0.01120312 -0.06741984 0.2839657 
0.5404186 -0.1099933 0.2230907 
0.3136761 -0.1762112 -0.4586965 
-0.3396278 -0.1466757 0.1510046 
0.5408804 0.6306999 0.4785487 
-0.1161393 0.5295487 0.4038291 
-0.4570097 -0.2110665 -0.6347496 
-0.5410129 -0.1859219 0.2166888 
0.08984958 -0.2500602 -0.6942834 
0.4041102 0.1949279 0.3399385 
-0.412031 0.03622718 0.2339316 
0.5635316 0.3218783 0.264974 
-0.1371077 -0.2096899 -0.7321827 
-0.2579825 0.3566348 0.3583036 
0.2042812 0.6287515 0.5055754 
-0.09771939 0.2330349 0.3535994 
0.579708 0.6232848 0.4866507 
0.6522997 -0.1113765 0.1266871 
-0.5598984 -0.1811322 -0.6831197 
-0.331962 -0.2398053 -0.6065464 
-0.2191414 -0.1899705 -0.4695174 
0.3335644 -0.2549354 -0.2489361 
0.5317916 -0.2247384 -0.4630498 
0.2104175 -0.2646833 -0.4746827 
-0.2246082 0.7370377 0.4524006 
0.5805798 -0.2048733 -0.791218 
-0.00390557 0.1565917 0.3067657 
0.191236 -0.2162155 -0.7683106 
0.1736386 -0.3515278 -0.0554372 
0.3588906 -0.171553 -0.09673864 
-0.09147239 -0.1707436 -0.6051434 
-0.1095513 -0.1678754 -0.671614 
-0.4435989 -0.3452691 -0.04220435 
-0.06053241 -0.1774025 -0.7528026 
0.3222114 -0.2548611 -0.51362 
0.4906116 -0.2387434 -0.1086163 
0.4106919 -0.2260951 0.005640284 
-0.3046414 0.4688109 0.3926722 
-0.6021894 -0.2452644 0.02248016 
0.1391296 0.1141493 0.3554354 
-0.5752959 0.2305941 0.3655049 
0.558569 0.1027389 0.2957697 
-0.6495566 -0.07559149 -0.7680771 
0.141493 -0.2315995 -0.1453155 
-0.3616552 -0.1994038 -0.5874259 
0.3803109 -0.2626012 -0.8481164 
-0.2374582 -0.1917428 0.1488207 
0.5779394 -0.2034605 -0.3897911 
0.3938408 0.6507617 0.4482205 
0.3339717 -0.2285933 0.1196476 
0.3561251 -0.2602273 -0.2531821 
-0.01516882 -0.2070693 -0.07106765 
0.2337861 0.1874424 0.3033185 
0.4966555 0.3996536 0.3806193 
-0.06018929 -0.1826143 0.1205733 
0.2819172 0.1226454 0.2829393 
0.7196525 0.4845791 0.440908 
-0.02853215 -0.000408026 0.264502 
-0.334312 0.6300106 0.444842 
-0.4115985 0.613134 0.4809821 
-0.002552656 0.2987514 0.3998217 
0.5269549 0.4866437 0.4159418 
0.1547785 -0.08830394 0.1744796 
0.1897653 -0.2174989 -0.7806945 
0.4986466 -0.1895141 -0.7638674 
-0.1161202 -0.1657592 -0.1643664 
-0.4863929 -0.1728602 0.2274074 
-0.3312268 0.5597376 0.4222128 
-0.2961057 0.08017791 0.2383378 
0.457234 0.09683833 0.190992 
0.2989231 0.3665052 0.4429662 
0.08114533 -0.08994506 0.2469028 
-0.1047039 0.6332926 0.5223097 
-0.3976465 0.1526003 0.3544585 
-0.5807166 -0.2490292 -0.6569569 
-0.132258 -0.05572428 0.1340899 
-0.04828051 0.4971564 0.3917151 
0.04522517 -0.2117705 0.0411997 
-0.4778375 -0.2613871 -0.1398866 
-0.4677356 -0.2024698 -0.4016469 
0.4061311 -0.1059197 0.1853718 
-0.182674 0.4285976 0.3900256 
0.2409045 -0.1983112 -0.5662885 
0.477336 -0.06567544 0.2868841 
-0.3730229 -0.1811278 -0.6644433 
0.5695662 -0.2005038 -0.6439639 
0.5280836 -0.2198476 -0.6284155 
-0.08528969 -0.2421987 -0.4903677 
0.03110076 -0.1661889 0.1300063 
-0.5970138 -0.211809 -0.7943816 
-0.2595976 0.2432501 0.3516175 
0.2598219 -0.2528419 -0.4339512 
0.4059882 0.1987902 0.3365113 
0.3299747 -0.168238 0.1828548 
0.3910495 0.2844653 0.3282854 
0.1485652 -0.2042084 -0.7093998 
0.2071296 0.5150248 0.3923373 
0.2906399 -0.2153697 -0.3260698 
-0.2372958 0.5555289 0.4263604 
-0.6240352 -0.2115144 -0.4590194 
-0.2959023 0.07619752 0.2196243 
-0.491255 0.4372077 0.38462 
0.2017459 -0.09172639 0.1230132 
0.266986 0.3979139 0.3714745 
-0.5848843 0.5259363 0.4656835 
-0.4718461 0.3812435 0.3503968 
-0.03028602 0.6214314 0.4816172 
-0.03873251 0.2985036 0.3700812 
0.04663844 -0.04185657 0.2884423 
0.4409329 0.3387495 0.3371668 
0.4144931 0.2296757 0.3286073 
-0.1014358 -0.01194666 0.2854515 
0.1567667 0.3861744 0.3682412 
0.07270138 0.1157452 0.296312 
-0.5602789 -0.2689611 -0.2285294 
-0.1037442 0.2495191 0.331115 
0.2988297 0.04265375 0.3541412 
0.492102 -0.0445405 0.2729838 
-0.5897371 -0.2146691 -0.6367635 
-0.01093854 -0.1598516 -0.618766 
-0.3384239 -0.1453908 -0.1543936 
0.5484396 -0.2267164 -0.6215163 
-0.1874042 -0.1712172 -0.1366528 
0.0201133 -0.2673999 -0.6567142 
-0.2336596 -0.2290252 0.0006515958 
0.424757 -0.2533004 -0.2084683 
-0.4797989 -0.2001394 -0.4048848 
-0.4606502 -0.2124991 -0.6319286 
-0.1771444 -0.2603818 0.02890214 
-0.2347866 -0.2066509 -0.5804942 
0.3359023 -0.1805195 -0.3916807 
-0.5377371 0.09705641 0.2943271 
-0.5204694 0.6133643 0.4889139 
-0.07044437 -0.259111 0.1577344 
-0.1841604 -0.2080189 0.2151308 
0.4627313 -0.2255175 0.1415368 
-0.1284038 -0.1737513 -0.04813545 
-0.5837784 -0.2264254 -0.1750153 
0.1213856 -0.1809389 -0.4545837 
-0.08488241 -0.203863 0.06850884 
0.63634 -0.2302678 -0.02134876 
0.5154396 -0.198045 -0.5695828 
-0.5005432 -0.1792397 -0.2226531 
-0.4605155 0.6043725 0.432488 
-0.5520924 -0.2579228 -0.2026031 
0.5493898 -0.2122566 -0.199962 
0.02224663 -0.2396278 -0.3517234 
0.005487989 -0.124564 -0.1703252 
0.3587496 -0.08450786 -0.5207723 
0.5973723 -0.2654127 -0.02157492 
0.07685093 -0.1712434 -0.6817238 
-0.5544352 -0.1907526 -0.006665147 
0.03898399 -0.2150802 0.04582012 
-0.44315 -0.2487539 -0.7099044 
-0.4488843 -0.1568546 0.06359185 
0.2270977 -0.2325894 -0.7838736 
0.04564864 0.5787777 0.4731649 
0.1792163 -0.03088471 0.1721838 
0.4866778 -0.144135 0.1880493 
0.4118437 0.3670741 0.3501936 
-0.2268829 -0.02046483 0.2654134 
0.467566 -0.190134 -0.6083104 
0.5238858 -0.1819957 -0.3939955 
-0.02186915 0.2438398 0.3347358 
0.4787178 -0.1599478 0.09583043 
0.05734237 -0.1447171 -0.2648757 
-0.4082316 0.4175698 0.3825147 
-0.2608385 0.1592077 0.3038297 
0.4400072 -0.192708 -0.0407887 
-0.1512964 -0.2433074 -0.007232041 
-0.09028854 -0.2338783 -0.7029222 
0.2259308 -0.2642708 -0.4873638 
-0.1469255 -0.1670728 -0.3369663 
0.1175781 -0.2435085 -0.4630321 
-0.4873749 0.4456241 0.4617093 
0.5357028 0.05393988 0.3001955 
0.5594075 0.4479336 0.4400776 
0.4734427 -0.180498 0.002579864 
-0.0804865 -0.2375572 -0.04579513 
0.2050886 -0.1703983 -0.01428133 
0.3965999 0.5802327 0.4500405 
0.3799631 0.5773953 0.4412048 
-0.5487751 0.322706 0.3441198 
0.4556599 0.3827256 0.3630722 
-0.4708124 0.5163653 0.4280949 
-0.4970361 0.2894527 0.3645658 
0.2373378 -0.06316198 0.1659238 
0.03530147 0.5129104 0.4381007 
-0.2637483 -0.1775171 0.2226534 
-0.04822301 -0.1895883 0.2195795 
0.5150356 -0.2381917 -0.3239465 
0.363074 -0.1922874 0.1989898 
0.1285777 0.6016186 0.454707 
-0.4001684 -0.1040079 0.1949592 
0.5926946 -0.01073836 0.2983448 
-0.2204006 -0.1675143 -0.3179746 
-0.02556699 0.4793035 0.3802761 
-0.1564531 0.513572 0.4545164 
-0.106329 -0.1668012 -0.7251933 
-0.003040846 0.4383988 0.4054625 
-0.2889381 0.4122341 0.372082 
-0.3356175 -0.1488487 -0.2524463 
0.4955508 0.4710426 0.2884984 
0.4209621 0.4925584 0.4087684 
0.1897051 -0.0015184 0.2150242 
0.506499 -0.1713068 0.04129871 
0.2934194 -0.1810822 0.1100201 
0.1253193 0.4424895 0.4333458 
0.2813029 -0.2194637 0.1895809 
0.5792646 -0.2039521 -0.3333133 
0.6515521 -0.3232342 -0.6198025 
0.09732952 -0.1839659 -0.3363242 
-0.5105165 -0.08034596 0.1961715 
0.4247871 -0.281431 -0.6592542 
-0.01509111 -0.08335754 0.2722065 
-0.06043741 -0.1684814 -0.3801675 
-0.2868429 -0.2101087 -0.05957326 
-0.2042242 -0.1673636 -0.4712959 
-0.5251904 -0.1892692 -0.04640289 
-0.261842 -0.195988 -0.1311389 
-0.5448521 0.2559912 0.3301342 
-0.1623056 -0.1712932 -0.5394484 
-0.2502332 0.5422763 0.4393565 
0.1303382 0.4288186 0.3873482 
0.208414 -0.06501697 -0.280783 
0.2595777 0.09695169 0.3504367 
-0.1274896 0.2630636 0.3776358 
0.5396038 0.1298611 0.2940808 
-0.2717501 0.04846141 0.270696 
-0.4197964 -0.2524188 -0.6704243 
-0.2065269 -0.2478894 0.04030949 
-0.2366046 0.3259023 0.4718755 
-0.1917025 -0.171313 -0.6560072 
0.2733302 -0.2343215 -0.1383455 
-0.04139629 -0.3284371 -0.1025394 
-0.0960596 -0.1684059 -0.7342889 
0.5078679 -0.1520814 0.2071835 
0.1771902 -0.1854703 -0.1072811 
0.2900546 -0.2508688 -0.4507665 
0.5821517 -0.1996735 -0.2180609 
-0.3827337 -0.1947558 0.171156 
0.2545401 0.4298598 0.4441925 
-0.3837178 0.1547955 0.3401091 
0.2289808 -0.2277472 -0.7473872 
0.5035021 -0.1855242 -0.4335345 
0.4408496 -0.21514 -0.3800893 
0.4245607 -0.2456966 -0.6613226 
-0.4516333 -0.2235903 -0.4582728 
-0.3497146 -0.2035001 -0.6891528 
0.5537128 0.4237757 0.4377199 
0.4944758 -0.1838883 -0.4398618 
-0.342519 -0.1953842 -0.3230526 
-0.3737236 -0.1797525 0.2035212 
0.09954957 0.2716298 0.2434877 
0.563074 0.1633391 0.3466749 
-0.3245473 -0.1290884 0.251028 
-0.07198061 -0.1833091 0.1379344 
-0.05047407 0.3972418 0.4278297 
0.2133191 0.5913026 0.4850639 
0.5495663 0.5711157 0.4551103 
0.2348473 0.1496075 0.298572 
-0.4072421 -0.1685047 0.01567648 
0.5863069 -0.202334 -0.7791848 
0.1780254 -0.1002548 -0.5965549 
-0.5899947 -0.1924162 0.1139847 
0.3701136 -0.1463116 -0.1952976 
-0.3547143 0.5814086 0.4716902 
0.4594415 -0.2822467 0.2560853 
0.1377228 0.2450145 0.3691958 
0.5061508 0.1200205 0.2778489 
0.1706759 -0.2512788 -0.3010521 
-0.1102124 -0.2798341 -0.654333 
0.5541013 -0.2319866 -0.143274 
-0.08162652 -0.2435415 -0.1870978 
-0.5477763 0.1877451 0.3204408 
0.143298 0.324605 0.3799139 
0.006009378 -0.03515404 0.2873431 
-0.1724464 -0.03844018 0.2568236 
0.2631173 0.44888 0.4061278 
-0.3741214 0.06731819 0.2792435 
-0.4763693 -0.1791973 -0.007149269 
-0.3920494 -0.1638181 0.1108485 
-0.4166859 -0.09852225 0.1767024 
-0.4094089 0.08080361 0.2981681 
-0.2392758 0.2872318 0.352378 
-0.2336788 0.3924966 0.3725232 
-0.206816 0.09659493 0.328427 
0.2810341 -0.1748391 -0.1748414 
-0.3689099 -0.154365 -0.1462766 
-0.3808746 0.5015846 0.4629897 
-0.1181624 -0.1606499 -0.3658266 
-0.4720553 0.2905513 0.3646888 
-0.5454153 -0.1669355 -0.4882891 
0.6118938 0.04946583 0.1417668 
-0.4207737 -0.1398354 0.09784539 
0.3030147 0.2805014 0.396041 
-0.07647207 0.3960595 0.3779714 
0.08296771 -0.198762 -0.0992223 
0.4891717 -0.0777298 0.2039413 
-0.455273 0.4684231 0.5016512 
-0.3805062 -0.2135486 -0.7637234 
0.4116057 -0.221373 -0.1834195 
-0.01684121 -0.2146364 -0.3909573 
0.5648991 -0.2626513 0.02118518 
0.403076 0.333097 0.3532668 
-0.2110776 -0.1754642 -0.3057772 
-0.3633059 -0.244624 -0.4833089 
-0.2666095 -0.2332997 -0.6003715 
-0.1083668 -0.03695675 0.2774371 
0.04962579 -0.214468 -0.5239048 
-0.3650902 -0.2632031 0.00146586 
-0.4320327 -0.2134237 -0.1274526 
-0.08912248 -0.1961555 -0.5859 
-0.3750673 -0.1650801 0.03071994 
-0.007543291 -0.1305312 -0.1974023 
0.3969074 -0.1925701 -0.3919511 
0.4100959 -0.2538108 -0.5991303 
-0.2920986 -0.2149395 -0.3982137 
-0.4724903 -0.2666394 -0.5913303 
-0.1339346 -0.1701435 -0.3505239 
-0.1921386 -0.2614187 0.03745755 
0.1858321 -0.2410558 -0.616088 
0.2498957 -0.2419757 -0.6538652 
-0.1549374 -0.2305482 -0.2148851 
-0.4512923 -0.037145 0.2472428 
-0.243762 0.4746884 0.4410604 
-0.4452081 -0.2304976 -0.738537 
-0.4684098 0.6106187 0.4741431 
0.05250839 -0.1704159 0.2206906 
-0.4061243 -0.05945691 0.2895001 
-0.2800204 -0.184964 -0.7865657 
-0.2792543 -0.165578 -0.3894919 
0.3569027 -0.1988278 -0.5139415 
-0.5328463 0.05037197 0.2856796 
0.06079018 -0.1749987 -0.7329655 
-0.4860705 -0.1721263 0.2194059 
0.5642093 -0.2256744 -0.5817119 
-0.6566477 -0.1704174 -0.1044798 
-0.1197756 -0.1840632 0.1233563 
0.4956241 0.1242698 0.2804013 
-0.5566089 -0.2019793 -0.2388722 
0.002715179 -0.2550126 0.2243525 
-0.1737417 -0.1063432 0.2562355 
-0.2115146 0.06138026 0.2917751 
0.5639969 -0.09062167 0.2307286 
0.5105303 -0.1814904 -0.230608 
-0.2112782 -0.1733514 0.09499169 
-0.0971828 -0.2321266 -0.5289471 
0.5274962 -0.2413223 -0.5227053 
0.1488638 0.1550737 0.3514001 
-0.3724636 0.3682101 0.360864 
-0.09109052 -0.2561893 0.1755898 
0.007769994 0.2911569 0.2424265 
0.2923084 -0.1339736 0.1472355 
-0.5385147 -0.1880763 -0.2475468 
-0.3816273 -0.2685549 0.03372101 
-0.05361568 0.4149141 0.4517818 
0.06269485 0.3989293 0.4215925 
0.03352115 0.1873995 0.3143919 
0.4499602 -0.01998201 0.2339113 
-0.3173887 0.1215245 0.2621178 
0.205975 -0.07282767 0.2599401 
0.1595153 -0.06311234 0.1543818 
0.5541837 0.1600561 0.3427621 
0.5497311 0.5992466 0.5154205 
-0.2007718 -0.2408669 -0.4628704 
0.5737494 0.5252651 0.4461753 
-0.5055438 0.3812064 0.350403 
-0.5506977 -0.1856521 0.2227957 
-0.1091782 -0.2328188 -0.1297653 
0.1063701 0.2321315 0.3217512 
-0.5463794 0.5137421 0.4272902 
0.3103722 -0.1816944 -0.1087775 
0.5518225 -0.1267659 0.2052688 
0.5151471 0.2821226 0.3706604 
-0.2664404 -0.2259334 -0.5042694 
-0.4424986 0.2635826 0.3357682 
0.4410432 -0.1872593 -0.1285354 
0.2973539 -0.2522244 -0.6265892 
0.4506908 -0.230834 -0.3584773 
0.1577102 -0.2266733 0.09475175 
-0.3354579 0.4211636 0.3766396 
-0.5465853 0.3746508 0.3602589 
0.3439375 -0.2044259 -0.4121065 
0.05276448 -0.2019233 -0.1026162 
0.4754574 -0.2290833 -0.06369531 
0.2039704 0.6171981 0.4977419 
0.5202547 -0.2560363 0.07460368 
-0.2958829 0.07624038 0.2196086 
0.2683447 -0.1028137 0.149134 
-0.607519 -0.204716 -0.4821771 
0.355356 0.5210438 0.4199395 
0.6279541 -0.2108275 -0.01532671 
-0.6048279 0.02349561 0.2482517 
0.2315233 0.1724077 0.3215339 
-0.309963 0.6461245 0.445099 
0.0166194 0.2683877 0.3936387 
-0.257179 0.4920485 0.4420723 
0.4209931 -0.007036734 0.3142824 
0.2604136 0.3799497 0.3820884 
0.1401217 -0.161212 -0.0475352 
0.5442244 -0.1890582 -0.7661728 
0.3641596 0.596 0.4431377 
-0.6293307 0.3912431 0.3722384 
0.1740152 -0.1298031 0.06917811 
0.613191 -0.1916941 -0.1188524 
-0.1220863 -0.2313844 -0.4705571 
0.05673562 -0.06180713 0.2137232 
-0.5056757 -0.1741113 -0.5726451 
0.03935761 -0.1870865 -0.5280879 
-0.3377714 -0.1969064 -0.2447498 
0.01987284 -0.2595887 -0.6036403 
0.5459694 -0.2298758 -0.326634 
-0.1569212 -0.1658703 -0.6110056 
0.6057939 -0.3296565 -0.6893343 
-0.2730376 0.3390569 0.3551337 
-0.4577774 0.4190608 0.4357338 
-0.5752503 -0.1524826 -0.4097782 
-0.2561603 0.1908281 0.3469861 
0.3639271 0.1090606 0.2903168 
0.2557317 0.4772617 0.4174335 
-0.1168666 0.5137096 0.3944632 
-0.4213263 -0.1640026 -0.185598 
0.05022539 -0.117093 -0.2016576 
-0.4944574 -0.2127547 -0.2437752 
0.2664083 0.1538099 0.3452868 
-0.5702962 0.2097376 0.3246006 
0.4528553 -0.1852189 -0.139417 
0.1344944 -0.2242225 0.1524935 
-0.01438352 -0.2030057 0.1454469 
-0.09865548 0.1597304 0.2968024 
-0.09660137 0.1174105 0.31874 
0.2770684 0.5155303 0.424907 
0.218491 0.009842094 0.2853935 
0.528659 0.02490363 0.299397 
0.4236715 0.3833476 0.3517864 
-0.4003925 -0.1035982 0.210796 
-0.189022 -0.1490706 0.08904832 
-0.01201552 -0.2437806 0.05404248 
0.6144597 -0.1896087 -0.1256642 
-0.5416925 0.4455647 0.4057718 
0.2666003 -0.1797134 -0.3784112 
-0.102686 0.3297005 0.361531 
-0.3077265 0.2369984 0.353017 
0.2402053 0.2622626 0.5222093 
-0.5679293 0.4380304 0.3873286 
-0.4000117 0.1549941 0.3612173 
0.3184053 0.3434362 0.3764875 
-0.001693268 0.4343814 0.4254251 
-0.2216018 -0.1057981 0.228491 
0.2550148 -0.2260067 0.1563086 
-0.5703195 -0.208401 0.1747441 
0.3239767 -0.2042149 -0.8227803 
0.2352055 0.1792887 0.3181546 
-0.2625026 0.3133617 0.4474284 
0.3583444 -0.1610444 0.1278948 
-0.315531 0.5773981 0.4271226 
-0.02923987 0.5052737 0.3860266 
-0.5263754 -0.2276042 -0.7451831 
-0.1354556 0.4008844 0.4328441 
-0.008558005 0.2744937 0.3773258 
0.4416288 -0.1437574 0.1566598 
0.1605803 0.02890591 0.2770481 
0.7085525 -0.1916173 -0.671705 
-0.1237484 0.5417423 0.4600219 
-0.3555559 0.2696038 0.3823232 
-0.002747169 -0.2014624 0.08666796 
-0.5085489 -0.1682538 -0.3938553 
-0.6003902 -0.2477849 -0.6319996 
-0.1423425 -0.05503476 0.2418634 
0.04894448 0.576413 0.4523845 
0.3036203 -0.1676603 -0.1801025 
-0.2209078 0.470765 0.4420804 
0.04665104 0.2427158 0.3866345 
0.1396569 0.6005935 0.4511255 
-0.5982386 -0.2116966 -0.7960217 
-0.179454 0.3852951 0.3803556 
0.4302064 0.323578 0.3255169 
-0.02414587 0.4714673 0.3807988 
0.1887761 0.5092555 0.397518 
0.2762775 0.307097 0.4017387 
-0.4358025 -0.02702532 0.1889811 
-0.6117772 0.07060814 0.252962 
-0.2901312 0.07627099 0.3334854 
0.09542492 0.1382948 0.3590266 
-0.4054735 -0.02397377 0.2917041 
-0.1054667 0.6323566 0.5214494 
-0.6273187 -0.06007964 0.1974389 
-0.2950311 0.5177783 0.4576383 
0.2366108 -0.1830883 0.1411069 
0.3369309 -0.184439 -0.7024854 
-0.1056294 -0.1511936 0.0933018 
-0.2685379 -0.3434849 -0.05569711 
0.3716237 -0.1763738 -0.5820452 
-0.214766 -0.1657548 -0.3220334 
-0.1103011 -0.2797574 -0.6543503 
0.3956163 -0.2851138 -0.6579672 
-0.4565077 -0.2808833 -0.467358 
0.1996991 -0.2109429 -0.1302982 
0.2244095 -0.2328885 -0.05762228 
0.3159212 -0.1756261 -0.4096153 
-0.5060354 0.610423 0.46781 
0.3442196 0.03276008 0.3447687 
-0.4065966 -0.08498881 0.2712128 
0.6073857 -0.2046401 0.1766534 
-0.5795271 0.09464784 0.2799518 
0.07176163 0.5511028 0.4533665 
0.2901143 -0.1677414 0.2198121 
0.4018727 0.111944 0.2943283 
0.596931 -0.2207995 -0.1946785 
0.3422219 -0.1589372 -0.1688073 
0.3015971 -0.1630056 0.1287089 
-0.5982016 0.0391618 0.2104341 
-0.5327331 -0.2583746 0.04926607 
-0.5482031 -0.133697 0.1439806 
-0.4760217 -0.2989518 -0.4992167 
-0.4961954 -0.2703034 -0.6255325 
0.4647453 -0.2522504 -0.6595806 
0.345683 -0.2249456 -0.3400828 
0.2788526 -0.2560484 -0.5631839 
-0.4025787 -0.2477406 -0.2662235 
0.1038626 -0.1810034 -0.6443647 
0.3078629 -0.2070832 0.07908171 
-0.2109046 -0.1722729 -0.3120154 
-0.03467729 -0.1515104 -0.1339379 
0.1811329 -0.1967566 -0.5960577 
-0.3645552 -0.2098762 -0.6537598 
0.489274 0.4037617 0.3628372 
-0.06044453 0.02814202 0.2667433 
0.1525948 0.03832032 0.2689407 
0.4057522 -0.2140774 0.1791108 
0.5277922 -0.2203329 0.173493 
0.1576741 -0.1631164 -0.1672508 
0.1857505 0.6203956 0.4976272 
0.1779088 -0.03118584 0.1768361 
-0.03160714 0.5031487 0.3885862 
0.3024865 -0.05312832 0.2008839 
-0.06964494 0.3573365 0.3764614 
-0.4734043 0.229059 0.3232763 
0.4465883 0.3916078 0.3814095 
-0.4566951 0.3890678 0.3724224 
-0.3910635 -0.2040138 -0.02516971 
0.1905832 0.02228481 0.2542067 
0.2645522 0.1239734 0.3474108 
-0.146208 -0.07946697 0.3259622 
-0.5042693 0.4585818 0.4400436 
0.01575696 -0.02929459 0.2333023 
-0.3215977 0.3577766 0.3580551 
-0.5154229 0.3329862 0.3765539 
0.2618649 0.4697605 0.462409 
0.2544403 0.2199713 0.3691837 
0.5789297 -0.1511271 0.2083301 
-0.5022429 0.08554734 0.2933667 
-0.3158554 0.2997749 0.3538197 
0.1226884 0.524648 0.4439983 
-0.4155974 0.6056722 0.4709282 
0.5053625 -0.1801003 -0.3953182 
-0.2000673 -0.1697294 -0.2351597 
-0.08508608 0.6222399 0.472138 
0.20303 0.6120521 0.4809497 
0.4543267 0.2654153 0.3287752 
-0.1746703 0.01699572 0.2822416 
-0.3595638 0.1722843 0.2973245 
0.3920149 -0.1804726 0.08698662 
-0.190288 0.2514457 0.3387832 
0.5154326 -0.2451761 -0.006332522 
-0.4743515 -0.1713618 -0.6519634 
-0.1083239 -0.2393095 -0.05157156 
-0.1491025 -0.2223792 -0.7107202 
-0.2053394 -0.239691 -0.5306409 
-0.1051016 -0.165686 -0.6670379 
-0.384483 -0.1783223 -0.6661235 
-0.2385627 -0.2201996 -0.3490642 
-0.5618136 -0.181043 -0.5513368 
-0.2547557 -0.2251501 -0.2281396 
0.4183127 -0.2634407 -0.2492224 
0.4601098 -0.1542314 0.1810118 
-0.2796921 -0.2595213 -0.4294348 
-0.456127 -0.1743729 -0.1891164 
0.07178652 -0.03445307 0.2888606 
-0.1711545 -0.2361636 -0.4331111 
0.3283298 0.5888538 0.457479 
-0.06558016 0.3702498 0.3672662 
0.5904592 -0.2248542 0.0527725 
-0.2151835 -0.2261065 0.03516916 
0.2122158 -0.1161763 0.2430587 
-0.5628878 0.5803348 0.4486125 
0.3388748 0.410647 0.3869033 
-0.2309315 -0.2056908 0.1376381 
-0.1420217 -0.1448811 0.1740597 
-0.4079818 0.01425623 0.2852 
0.258678 0.5115407 0.4690402 
0.4970558 0.1122355 0.2664359 
-0.2226551 -0.1649662 -0.4354099 
0.06651613 -0.2416056 -0.4365666 
0.490842 0.3796972 0.386284 
0.5385205 -0.2374554 -0.1090163 
0.1634708 -0.2478763 -0.2440786 
-0.02234879 0.5891513 0.44773 
0.432619 0.3363584 0.3816199 
0.1441437 0.354239 0.3608245 
-0.03208518 0.28283 0.3622657 
0.08136885 0.4851343 0.4412768 
0.3076765 0.04936993 0.2628644 
0.5498796 -0.1886984 -0.3478712 
-0.500941 -0.1960979 -0.3842728 
0.5648457 -0.2626045 0.02119415 
-0.1979591 -0.1510582 -0.5488915 
-0.06013737 -0.2465385 -0.004810167 
0.497969 -0.08953354 0.2700722 
0.2047089 -0.2256001 -0.6080326 
0.5799002 0.6228094 0.4870218 
-0.414315 -0.1559688 -0.2583377 
0.3487283 0.1516919 0.3405188 
-0.2770217 0.2955095 0.3872035 
-0.4589648 0.08217721 0.2922832 
-0.2807442 -0.1733842 -0.7891943 
-0.5805585 -0.190053 -0.6959901 
0.3007316 0.4068369 0.3753464 
0.4489849 0.4063313 0.3792286 
0.5350372 0.636329 0.4784994 
-0.05090514 0.5035299 0.4655879 
-0.131364 0.1410337 0.3148697 
-0.4837988 -0.1833277 0.2079426 
-0.3546968 -0.1313452 0.1714562 
-0.5644983 -0.1962697 0.02267604 
0.4191469 -0.193065 -0.725313 
-0.3469967 0.0692975 0.2598919 
0.5984101 -0.1803739 -0.5473175 
-0.2872917 -0.04859936 0.2370439 
0.04545851 0.2016191 0.3634422 
0.397342 -0.1568377 0.1996757 
0.07662908 0.3010301 0.3448271 
0.2219097 0.4164015 0.3707641 
0.209252 -0.02645226 0.2352916 
0.571826 0.2387956 0.3351947 
0.5846037 -0.2081322 -0.7847919 
0.3442941 0.4903914 0.4361929 
0.3279099 0.09539166 0.3389964 
-0.6166462 -0.2363589 -0.5283106 
0.03736457 -0.1431431 0.2347825 
-0.1850028 0.1935203 0.3184144 
0.04673309 0.3130111 0.3978952 
0.4789163 0.4169274 0.3848237 
-0.07080889 -0.1847162 -0.4029276 
-0.01781168 0.09178089 0.3220514 
0.1802567 -0.1798831 -0.02874864 
-0.3901015 0.4665502 0.4326106 
-0.5036834 -0.1804279 0.03937384 
-0.03004338 -0.1808905 -0.7677989 
0.4377765 0.5313423 0.4392508 
0.1441972 -0.2063252 -0.3923633 
-0.0765535 0.3002376 0.3826806 
0.4541407 -0.1897653 -0.04655774 
-0.416107 0.4730229 0.4119141 
-0.2536576 0.5194805 0.444743 
-0.3918672 0.518398 0.4687098 
-0.148019 -0.1674597 -0.2405144 
0.4107099 0.2167735 0.3327066 
0.1035361 -0.1686387 -0.2281758 
-0.1126681 0.5350882 0.4199337 
0.2374559 -0.1062011 0.2087411 
0.5662092 0.5506276 0.4463789 
0.1528785 -0.1174963 0.1939768 
0.4583918 -0.1882878 0.007906946 
0.01579698 -0.2085786 0.04089665 
-0.6170828 -0.2235485 -0.05769153 
-0.5558251 0.1364917 0.3181273 
-0.6040005 -0.1595427 0.1914487 
-0.2320268 -0.1650063 -0.1433183 
-0.2911236 -0.1700975 0.2333465 
0.2925029 -0.1728503 -0.4744148 
-0.1419205 -0.2250717 -0.2478193 
-0.1980072 -0.1510578 -0.5488983 
-0.4773524 -0.2466494 -0.0503015 
-0.1425319 -0.2722096 0.02643592 
-0.3329496 -0.2407729 -0.6032087 
0.2441724 -0.2171052 -0.7663245 
0.3851734 -0.2327139 -0.5196554 
0.04537991 -0.1657306 -0.6704261 
-0.5378589 -0.2452754 -0.1021921 
-0.3354265 -0.2329388 -0.1573451 
0.4093802 -0.2440682 -0.1727154 
-0.2670995 -0.1731318 -0.4709736 
0.3508607 -0.1925449 -0.6209798 
0.2898862 -0.2205204 0.1142541 
0.3136318 -0.2355064 -0.3648614 
-0.2608777 -0.2433282 -0.195778 
-0.5741171 0.2639824 0.3636021 
-0.5720884 -0.1948455 -0.09338254 
-0.5807658 0.5617833 0.4735684 
0.3869658 0.6188177 0.4461407 
0.1951047 -0.2218758 0.07879565 
0.4429045 -0.1945513 -0.6458104 
0.1919173 0.1421229 0.3072544 
0.1822849 0.1019614 0.2923797 
0.1648556 -0.1784319 -0.07162438 
-0.5889825 -0.09144454 0.2281659 
-0.245187 -0.2066145 0.1567145 
-0.5819699 -0.2207482 -0.1771611 
-0.3720559 -0.165592 0.106945 
-0.558537 -0.2011008 -0.2996814 
-0.2062954 0.3233617 0.3580056 
-0.1167832 0.06065232 0.2881635 
0.4674203 -0.08060626 0.2398375 
0.1523857 0.3153332 0.3987947 
-0.3479105 0.164001 0.3075716 
0.1918525 0.4146683 0.4286704 
0.5815592 -0.2074488 -0.3016905 
-0.1292771 0.404916 0.3795575 
-0.0751049 0.1333643 0.3015417 
0.08498853 0.1006819 0.2882917 
0.3918366 -0.2049875 0.1958821 
0.4208747 -0.1432455 0.1598501 
-0.5583076 -0.2176214 0.1567614 
-0.534703 0.5035775 0.437088 
0.1487968 0.253227 0.3268811 
0.03107522 -0.1662229 0.12996 
0.512798 0.1489245 0.3179332 
0.1326321 -0.1462458 0.04634756 
-0.4383737 0.5457312 0.4809171 
0.3113377 -0.1037418 0.1800844 
-0.2140543 -0.17525 0.115008 
0.01201221 -0.07802249 0.21369 
-0.2347159 0.3914513 0.3742686 
-0.617914 -0.2186864 -0.4652974 
0.580542 -0.2131592 -0.4649747 
-0.191445 -0.1864471 0.2262678 
0.4892149 0.2366582 0.3648685 
-0.5864645 -0.1801148 -0.481262 
0.577989 0.5872126 0.4700038 
0.2564146 -0.1939048 -0.74205 
-0.2551372 -0.1803192 -0.7912544 
0.2719341 -0.1719912 -0.4308472 
-0.4950337 0.2252763 0.3216478 
0.5304753 0.5487412 0.4518958 
0.3851989 0.6087221 0.4456811 
0.6172847 -0.2237526 -0.450064 
0.4049554 0.2013745 0.3379635 
-0.3820725 -0.1589067 -0.3823736 
0.5797398 0.1828763 0.3488652 
0.07388639 -0.2040198 -0.3511883 
-0.4845991 -0.1839112 0.2176703 
-0.3335433 0.1594393 0.2932072 
0.1526231 -0.1538977 0.2035499 
0.5783311 -0.01415017 0.2592621 
-0.1719812 0.2344126 0.3743179 
-0.2590894 0.1597281 0.301995 
-0.3126134 0.07059484 0.3264646 
0.1305533 -0.1319913 0.06099443 
-0.3677385 0.01538933 0.2284862 
0.4694434 0.4392884 0.4309682 
0.01141412 0.4552831 0.3969903 
0.5064916 0.1879563 0.3122406 
0.3688046 0.01308473 0.2608614 
0.216822 0.05777512 0.2635336 
-0.5597308 0.5212299 0.4242849 
0.3690599 -0.1637824 0.1207409 
0.5674618 -0.02735896 0.2449249 
-0.1556558 -0.2002975 -0.7353677 
-0.3897405 0.2509534 0.3366662 
0.4976632 -0.1883844 -0.7638209 
-0.3452788 -0.2239952 -0.5583812 
-0.2165737 -0.1700993 -0.7064367 
0.2366475 -0.234737 -0.3259654 
-0.1683778 -0.2468491 -0.08906722 
0.02616497 -0.1800479 -0.3589456 
-0.561541 0.5951881 0.4664702 
-0.2382864 -0.2131004 0.1494469 
-0.2277135 0.3424349 0.403834 
-0.228177 0.2383469 0.3424642 
0.4138236 0.4826972 0.4057482 
0.1224387 0.3844602 0.4203 
0.4376672 -0.2383609 -0.2209693 
-0.1490327 0.2847478 0.3422748 
-0.04268876 -0.2237377 -0.1576768 
-0.1223666 0.524441 0.4077947 
-0.3394593 -0.2049348 -0.5663346 
0.5527549 0.1622408 0.3416021 
-0.167483 0.3793036 0.3785612 
0.3269422 -0.2417214 -0.6718737 
0.2997691 -0.2047323 0.08863452 
0.4870173 -0.2089578 -0.54988 
0.08117659 -0.227977 0.06981324 
0.1622048 -0.2041958 -0.1466322 
-0.01770055 -0.1613681 -0.6571988 
-0.5603397 -0.2589305 0.05738107 
-0.5818149 -0.203433 -0.3988729 
-0.243789 0.5582948 0.430895 
-0.2222613 0.05014945 0.2874425 
0.0115599 -0.1145881 0.194314 
0.5770292 -0.02841525 0.2856456 
0.07266293 0.1387712 0.3028502 
-0.3293678 -0.1998406 -0.09330347 
-0.5696102 -0.2240654 -0.2378619 
0.502621 0.3897126 0.3868246 
-0.4956155 -0.1361925 0.1662367 
0.0693925 0.1150765 0.295292 
0.3974981 0.5671367 0.4512256 
0.2731825 0.2251834 0.3189443 
-0.5142678 -0.04647837 0.2555485 
0.4026628 -0.063568 0.2769744 
0.5731824 0.3832132 0.3796525 
0.2895709 -0.0161288 0.276275 
0.2557224 0.3910402 0.4249941 
-0.08183075 0.2377011 0.3294465 
0.03228141 -0.1867217 0.08519068 
-0.02794115 -0.09130607 0.2539805 
0.2862627 -0.09494887 0.2536582 
-0.1348269 0.4451238 0.4394965 
0.144385 0.04096559 0.2577494 
0.4275319 -0.02718524 0.2300894 
0.3859949 -0.1635042 -0.1448974 
-0.4646809 -0.1657763 -0.5315311 
0.5310336 -0.2020267 -0.6001471 
-0.564936 0.3401192 0.3580738 
0.2511885 -0.243221 -0.2924035 
0.1383004 -0.2508581 -0.341229 
0.4043837 -0.2230947 -0.02677155 
0.3433199 -0.03983378 0.2793936 
-0.4907504 -0.1987386 -0.3946436 
0.2318271 -0.224491 -0.6719548 
0.1746606 -0.2322339 -0.6217433 
-0.2134505 -0.2436141 -0.4471687 
-0.4700727 -0.2532116 -0.09598851 
0.3633327 0.2773181 0.3488152 
-0.006324642 -0.2624569 -0.6502683 
0.07603815 0.02035177 0.2458363 
-0.5596949 0.1078602 0.299268 
0.5494752 -0.1810918 0.1111634 
-0.4009839 0.5336707 0.4225581 
-0.02755 0.293035 0.35458 
-0.4424704 0.1548406 0.3042169 
-0.5620216 -0.2021169 -0.2792888 
-0.5686135 0.2457827 0.3270866 
-0.5192608 0.6087672 0.4777544 
0.1207159 -0.241902 -0.3919769 
-0.3465821 -0.1689423 -0.4415527 
0.5236765 -0.1774888 -0.2214264 
-0.09492192 -0.1688332 -0.03838323 
0.6167656 -0.1964886 -0.02874502 
-0.4836502 -0.1308427 0.2379209 
0.2341971 -0.2277697 0.1283445 
0.1843331 0.6043463 0.4682698 
-0.01532195 0.4471335 0.4152691 
0.0504638 0.1633192 0.3349518 
0.3121829 -0.2231591 0.1902895 
0.5596893 0.04804585 0.2585406 
-0.08925109 -0.05722385 0.2339322 
0.009787311 -0.1454549 -0.2659908 
-0.5364606 0.09410217 0.2983806 
0.3059257 -0.1829982 -0.3276187 
0.5325735 0.08094794 0.2952996 
-0.07442269 0.1094038 0.3163649 
-0.3742808 0.6222386 0.4637138 
0.1842601 -0.1757313 -0.2627415 
0.05422794 -0.0476538 0.2282892 
-0.4196547 -0.1425551 0.09586077 
-0.008958914 0.611393 0.4761279 
-0.5469747 -0.1924544 -0.3611273 
-0.08664445 0.4344554 0.3800718 
0.13174 0.1263155 0.3309902 
-0.30472 -0.1688985 -0.05646968 
0.3700993 -0.1463137 -0.1953271 
-0.287275 -0.1688571 0.08566813 
0.4736373 0.2829719 0.3796276 
-0.5131854 0.1714943 0.3111708 
-0.4651932 0.3681749 0.3607516 
0.01131349 -0.1910777 -0.4135742 
0.2306662 0.6041054 0.4761726 
-0.4138161 0.5699403 0.4680275 
-0.5812305 -0.123973 0.1484918 
0.3857787 0.4138473 0.3805228 
-0.5806594 0.08619893 0.2738167 
-0.316295 0.5057696 0.4069969 
-0.1691182 -0.1000752 0.2501506 
0.2587939 -0.2052051 0.2031799 
0.1647311 0.5579588 0.4644386 
0.5140449 -0.1662856 0.2008996 
0.3165546 -0.1846206 0.08953252 
-0.5735751 -0.1662142 -0.3965697 
-0.5641896 0.1828124 0.3301838 
0.2214531 0.1077096 0.2829866 
0.02628938 -0.1718977 -0.7481411 
-0.4778777 0.40421 0.3840363 
0.5685574 0.3493213 0.3642667 
0.1683791 -0.1786365 -0.1127478 
0.1612417 -0.2117724 0.1965764 
0.2130055 0.5565816 0.4255488 
-0.3530207 -0.1721283 0.005889862 
-0.2128222 -0.1791023 -0.3010184 
-0.1807184 0.1170543 0.304848 
0.1242326 0.02499715 0.3100074 
-0.08018911 -0.1801684 0.1977995 
0.2528338 0.1369894 0.3327427 
0.3702707 0.1200305 0.2897095 
-0.3294225 -0.1717605 -0.2439168 
0.1827166 -0.184504 -0.3975539 
-0.4099013 -0.1621632 -0.3275364 
0.1512014 0.004767623 0.2742572 
-0.4980015 -0.2197522 -0.7662805 
-0.2122251 -0.2097966 -0.2800298 
0.2564835 -0.2125526 -0.04613515 
0.4039277 -0.2386724 0.01715829 
0.3795795 -0.2424012 -0.5173181 
0.1320941 -0.2354133 -0.05058544 
0.2680326 -0.238056 -0.2394766 
0.1382057 -0.2296222 -0.08195788 
0.543524 -0.1859491 -0.3055499 
-0.3979511 -0.2430497 0.005494588 
0.2036194 -0.2037184 -0.668421 
-0.1134915 -0.2340342 -0.4661418 
0.4850755 -0.2233949 -0.3738819 
0.06239535 -0.2411789 -0.5351306 
-0.476544 -0.1902319 -0.02605234 
0.06787852 -0.171605 -0.6377697 
-0.2661668 0.6244268 0.4615668 
-0.3541994 0.2641638 0.3516504 
0.4818223 -0.1286767 0.1887632 
-0.4331697 -0.1731865 -0.587429 
0.5665258 -0.2063148 -0.7292389 
0.1307921 -0.2206652 -0.6991629 
-0.2833269 -0.2687148 -0.4088567 
-0.4318404 -0.2248195 0.06722394 
0.313558 -0.1706511 -0.1511093 
0.09881362 0.5993274 0.47983 
-0.2412537 0.04817417 0.2849168 
0.3433033 -0.06733564 0.2036516 
0.1027581 -0.18306 0.2098441 
0.1685156 0.3181009 0.3483765 
0.1177025 0.209483 0.3162781 
-0.2204368 0.1410072 0.2998444 
0.133009 0.5674434 0.43112 
0.3443304 -0.008191613 0.2412757 
0.122332 -0.1822142 -0.7399865 
0.5352799 0.4100425 0.4223697 
-0.3207954 0.6512581 0.4419138 
-0.4618653 -0.1897452 0.2002687 
-0.1993327 -0.1980444 0.02114205 
-0.1503683 0.1432466 0.3051037 
0.575637 -0.2214696 -0.1093851 
0.1051339 -0.2123438 0.2001285 
0.5651575 0.4711098 0.4239909 
0.60843 -0.1922695 -0.06227202 
0.5752522 0.1722604 0.3174199 
-0.3596281 -0.2234961 -0.7578361 
-0.131977 -0.1428099 0.0865256 
-0.5647475 -0.177208 0.09750351 
-0.3451308 -0.1550108 0.224276 
0.5818389 -0.1790017 -0.6809072 
-0.3545337 -0.2452754 0.04583936 
-0.06849037 -0.2467413 -0.4445838 
-0.5738587 -0.2139876 -0.1768687 
0.5030501 -0.2370084 0.1199366 
0.2668442 -0.01489633 0.2208611 
-0.5785923 -0.2105824 0.0391591 
0.2777941 -0.1552613 0.08667818 
0.4530058 -0.2276098 -0.5487368 
0.09392437 -0.01972972 0.2900868 
0.3229216 0.4069954 0.4276094 
-0.1335298 -0.1846222 -0.5454164 
-0.08220797 -0.190321 0.1575031 
0.3963078 -0.2450511 -0.1232528 
0.09336162 0.2460327 0.3816674 
-0.5025027 -0.1831623 -0.7060623 
-0.4847277 -0.1977869 0.1877656 
-0.5776728 0.2179152 0.3295499 
0.5811575 -0.1630335 0.2032042 
-0.5694836 -0.1838699 -0.3807627 
-0.04609462 -0.1472136 -0.1679163 
0.6174232 -0.2220199 -0.4494292 
0.2233539 -0.06875807 0.2211897 
-0.4832541 -0.1194217 0.1748436 
-0.2712742 0.296676 0.3542741 
0.5965309 -0.1961335 -0.6102182 
0.5313278 0.1541986 0.3286229 
-0.5264323 0.3062501 0.3599479 
0.5879276 -0.2274106 -0.2191902 
0.1015104 -0.1749217 -0.07112297 
-0.4603058 0.3170492 0.361762 
-0.1020366 0.09821296 0.2986896 
-0.452242 -0.2002378 -0.7370566 
0.2812515 0.01298078 0.2420031 
-0.05954087 -0.005997797 0.2586896 
-0.2915242 -0.122271 0.2508826 
-0.3267639 0.1216534 0.2724459 
0.4567274 0.1999328 0.3166505 
0.05596189 0.5636064 0.4602498 
0.2025633 0.1851177 0.3387437 
0.3004824 0.3110114 0.3629103 
0.5688027 -0.1703893 -0.736575 
-0.3793121 0.4836883 0.4503817 
-0.397797 -0.1043616 0.2276951 
0.06833914 0.4051082 0.3913668 
0.274101 -0.1809777 -0.2578638 
-0.02411161 -0.1646562 -0.340999 
-0.5326409 0.5554761 0.4622803 
-0.5769323 -0.2123266 -0.1746558 
0.5318646 -0.1091552 0.202235 
0.5720811 0.238192 0.3349987 
-0.1289377 -0.1663604 -0.6651317 
0.3430261 0.5788227 0.4384674 
0.563288 0.6177321 0.4733262 
0.254023 -0.1829788 -0.6714497 
0.3939554 -0.2191988 -0.7180553 
0.2650951 -0.2462622 -0.4043799 
-0.4416804 -0.2305406 -0.002355266 
-0.0562635 -0.2074512 -0.1369344 
-0.3123332 -0.1726148 0.02506841 
0.263997 -0.218201 -0.06036028 
-0.1086967 -0.2364893 -0.4517922 
-0.5541215 -0.2558208 -0.6618655 
0.3955535 -0.2378237 -0.003880241 
0.3318703 -0.2488015 -0.4923012 
0.2003248 -0.2021478 -0.6171872 
0.3189093 -0.244598 -0.2324689 
0.4406582 -0.2139792 -0.7376606 
0.09923857 -0.1889823 -0.5993816 
0.04041917 -0.2527543 -0.5739484 
0.03278776 -0.1899134 -0.5075721 
0.05874993 -0.2329173 -0.3744731 
-0.4466763 -0.1876143 -0.1519631 
0.4791812 -0.2228629 -0.1067066 
0.5337487 -0.2343387 -0.1691705 
0.5712276 -0.1955555 -0.1102057 
0.08237915 -0.2461258 -0.4929445 
-0.3843361 -0.2355489 -0.2845398 
-0.4066872 -0.2535863 0.0575093 
0.4445978 -0.2576264 -0.5372196 
-0.3229751 -0.2032763 -0.4870146 
-0.4392 -0.1787253 -0.6714838 
-0.2165304 -0.2327241 -0.5950351 
-0.5659655 -0.2452754 -0.5673518 
0.5764405 0.5484603 0.4557046 
-0.5187182 -0.1895251 0.2040231 
0.5467492 -0.199202 -0.7803623 
-0.5459157 -0.1938604 -0.3126912 
-0.3098187 -0.172648 0.1809889 
-0.5112244 0.4056606 0.3652955 
-0.1821374 -0.1700144 -0.3157035 
-0.3992209 -0.1579385 0.1148854 
-0.5853989 -0.2539577 0.04806025 
-0.6040379 -0.1595601 0.191445 
0.562812 -0.09304242 0.2258013 
-0.2028324 -0.1690916 -0.1735061 
0.2724266 0.5876259 0.454238 
-0.02781615 -0.1729179 -0.05990571 
-0.3316771 0.1887801 0.3242176 
0.4208132 0.3008688 0.3263424 
-0.5007403 0.4457461 0.4272343 
-0.3393611 0.232906 0.3459877 
0.5651456 -0.07640128 0.2563727 
0.2619927 -0.1912947 -0.04829007 
0.3367377 -0.1644208 -0.2411755 
0.1637722 0.5989929 0.4851039 
0.04665255 0.2230711 0.3211946 
0.1552325 0.0007863101 0.2163918 
0.5796344 -0.206137 -0.2811026 
0.4796737 -0.1737415 0.03042209 
-0.3984538 0.1136547 0.3123583 
-0.2010423 0.4558486 0.4422893 
-0.155244 0.002942007 0.2881513 
0.06023053 -0.1070268 0.2551327 
-0.01164033 -0.143249 0.2258842 
0.08330411 -0.1838352 0.04713107 
0.5480087 0.5876921 0.5047328 
0.3614973 -0.2151663 0.181717 
0.1937087 0.1660514 0.3367774 
-0.1106416 0.5202226 0.439967 
-0.4517057 0.05993441 0.2935794 
-0.6113801 -0.2342153 -0.01474395 
-0.1315151 0.2514007 0.3307062 
-0.5004613 0.2902159 0.3479669 
-0.252111 0.4242251 0.4361306 
0.3254822 0.4907717 0.4126984 
-0.05794132 0.03480503 0.302156 
0.09408651 0.5995933 0.4588096 
-0.02875556 -0.2327051 0.1793483 
0.1765347 0.5057615 0.4150285 
-0.0599537 -0.151214 -0.2185769 
0.4293361 -0.2201804 0.1595362 
-0.4741625 -0.1894885 0.2053254 
-0.4472421 -0.1904301 0.06497358 
0.4758865 -0.2011414 -0.2626278 
-0.4253326 -0.1654039 -0.5179641 
-0.6239533 -0.2114845 -0.459005 
-0.5589632 -0.2452754 -0.5180436 
-0.3606099 -0.218142 -0.3094277 
0.3224923 -0.1804097 -0.5576499 
0.02932849 -0.2469139 -0.3249478 
-0.4611087 0.3957696 0.3790658 
-0.1888774 -0.04666834 0.2570751 
-0.0796821 -0.2452754 -0.6660653 
0.03631756 -0.2193092 0.009573369 
-0.5955426 -0.2163465 -0.6893797 
0.4761088 -0.1947905 -0.6936322 
0.2828404 -0.2334043 -0.1414233 
0.2756825 -0.2097646 -0.09117335 
-0.4462334 0.6075789 0.4483908 
-0.2207748 -0.186589 0.1236685 
0.5034647 -0.1891349 -0.05027309 
-0.09135699 -0.1145347 0.2007951 
-0.4867811 0.3939514 0.365381 
-0.4070813 -0.09788573 0.2350432 
0.3697675 0.3273062 0.3752269 
-0.4576252 -0.08077943 0.2583504 
0.1518494 -0.2012456 -0.666634 
-0.5275519 -0.1840676 -0.2415339 
-0.2587135 0.5366802 0.4468285 
-0.2663572 0.4745315 0.4018593 
-0.2168845 0.6168132 0.4652296 
-0.483671 0.3421113 0.3607622 
-0.03814182 -0.2555148 0.121624 
0.44694 -0.1271726 0.1731469 
0.0237011 0.5824192 0.4562327 
-0.4209918 -0.1865052 -0.001967311 
0.5992317 -0.2425657 0.0007743121 
0.3684892 0.1960472 0.3097139 
0.4062582 0.02619723 0.282911 
-0.3451841 0.1319569 0.3201636 
-0.5484295 0.3312251 0.3522063 
0.2393169 0.504259 0.4283082 
0.19014 0.4985177 0.4385719 
-0.02206046 0.3373517 0.3915086 
-0.1088398 0.6190011 0.4608117 
0.4743836 -0.1152833 0.2028065 
-0.09768312 0.1602589 0.2997831 
0.5261419 -0.1352307 0.2015178 
-0.1802008 -0.08915661 0.2346428 
0.5353928 -0.1250294 0.2250044 
-0.5800675 -0.07323178 0.2110752 
-0.3781664 0.3225006 0.3525086 
-0.2337714 -0.163169 -0.3667387 
0.4146658 -0.1991379 -0.3600948 
0.4052976 0.4855525 0.4063956 
-0.5899562 -0.1946785 0.1261728 
-0.1051595 0.6337355 0.5203424 
-0.2824118 0.02908366 0.2788696 
-0.3605668 -0.1655988 0.04809584 
-0.4315051 0.4853872 0.4191962 
0.2977784 0.1789325 0.2985345 
-0.4668182 -0.004251657 0.2808136 
-0.4486139 0.5626739 0.4973176 
0.4820742 -0.1796609 -0.2035985 
-0.1351804 -0.1694326 -0.1679506 
0.2321665 0.1850571 0.3052695 
0.5960608 -0.2227787 -0.1906286 
0.1446219 0.02899279 0.2938093 
-0.1995822 0.01898184 0.2892467 
-0.4916824 0.3827038 0.3690501 
0.4048088 0.4568196 0.3983903 
-0.1101704 0.004020919 0.2647638 
0.1985852 0.2998877 0.3915918 
0.2672415 -0.1741238 0.06939553 
0.5815514 0.5900326 0.4502797 
-0.1571583 0.5877068 0.476551 
0.281617 0.3985281 0.3865953 
0.446782 -0.05516375 0.2738332 
-0.5823213 -0.2019438 -0.739085 
0.06163718 0.3627863 0.3939779 
0.2904034 -0.1696209 -0.07025103 
0.437208 0.5311776 0.4389376 
-0.2454145 0.197374 0.3265427 
0.4709962 0.2818046 0.3792386 
-0.5825912 0.420592 0.3822591 
-0.4831198 -0.2030149 -0.7503207 
0.07159781 -0.1490496 0.2037907 
-0.5891518 0.5771302 0.4481803 
0.1952473 -0.1815736 0.1273388 
-0.1161421 -0.1634107 -0.2849166 
0.03989369 -0.1898736 -0.4828258 
0.5800968 0.4402827 0.424024 
-0.2035899 0.0639531 0.294258 
0.2273462 -0.02634957 0.2754512 
-0.1404094 0.3186572 0.3530004 
0.06213183 0.3615624 0.3968971 
-0.02137994 0.3218455 0.3900534 
-0.2150667 0.4820983 0.4407263 
-0.1076986 -0.2468546 0.1710269 
0.5350869 0.6335943 0.4799593 
0.2479172 -0.2018668 -0.3118137 
0.5766433 -0.1996697 0.1560199 
0.04786602 -0.1661211 0.2176763 
0.4760768 -0.1984788 0.1802116 
-0.5751604 0.4983631 0.4585707 
-0.5667127 0.284577 0.3481503 
0.3019571 -0.2289593 0.1490635 
-0.5551227 0.4807084 0.4542452 
0.5688521 -0.2121109 -0.3872561 
0.5865665 -0.2192854 -0.2724415 
-0.2959141 0.6087646 0.4594435 
-0.4079592 0.5299678 0.4670889 
-0.64305 0.0031324 0.2310022 
-0.4690712 0.618952 0.4930863 
-0.07019646 -0.1633944 -0.6486608 
-0.3467122 -0.195644 -0.5761545 
0.2235883 -0.1787945 -0.4807901 
-0.4484174 -0.2232592 -0.3373815 
0.1429393 -0.2306045 -0.414871 
-0.129011 -0.24868 -0.5880132 
-0.4491307 -0.2411703 -0.5054753 
-0.4843255 -0.209579 -0.5208046 
-0.1226836 -0.2146221 -0.2954873 
0.5186248 -0.1560304 0.2016716 
0.00962575 -0.1888604 -0.1686626 
0.6097271 -0.1917019 -0.121558 
0.2160714 -0.1970671 -0.5846042 
-0.2148586 -0.2494355 -0.00991559 
0.02504458 -0.2345968 0.07498195 
0.1868872 -0.2277401 -0.1536888 
0.4104667 0.01980374 0.2915311 
0.1961954 -0.2195659 -0.7493008 
0.08886176 -0.2212234 -0.1295592 
-0.005376211 -0.1664461 -0.1509465 
-0.5518636 -0.1703893 -0.4546335 
0.4307674 -0.1682473 0.09871261 
0.1605765 -0.2271868 -0.6435188 
0.389588 -0.2424587 -0.06443839 
-0.3511117 -0.2307729 -0.6427798 
0.2788512 -0.1823622 -0.5623973 
0.1998444 -0.21639 -0.6057991 
-0.1850836 -0.2395024 -0.183495 
-0.4920496 -0.2091419 -0.5870577 
-0.1459602 -0.2525865 -0.008365395 
0.2867434 -0.2419668 -0.3141061 
0.4463219 -0.2263619 -0.7301114 
-0.3437381 -0.2023967 -0.6421356 
-0.3551032 -0.1928078 -0.703449 
0.3444827 -0.2172079 -0.4172845 
-0.3562663 -0.2396079 -0.0352868 
-0.2498876 -0.2299369 -0.5096949 
-0.2157261 -0.1724577 -0.7050688 
0.2250511 -0.2238622 -0.5708678 
-0.4816194 -0.2235031 -0.5606484 
0.4625009 -0.2222073 -0.6549578 
-0.1595405 -0.2417468 -0.1528219 
0.01506031 -0.2645994 -0.6628029 
0.1542631 -0.2361923 -0.1630847 
-0.340758 -0.139651 -0.2425289 
-0.5062696 -0.1598531 0.1404852 
-0.5873328 -0.2090259 -0.5951459 
-0.6004895 -0.2206205 -0.006476263 
0.6269653 -0.2201028 -0.5149268 
-0.348006 0.623533 0.4509555 
0.5323864 -0.1742124 0.07921422 
0.5638036 0.5120931 0.4350719 
0.1924631 -0.1879315 -0.1003561 
-0.5318453 -0.2335168 0.119811 
-0.07754086 0.5299352 0.4480298 
0.5247337 -0.03712191 0.2308987 
-0.582013 0.01601174 0.2559241 
-0.4846785 -0.1958371 -0.3703035 
-0.2414819 -0.1612312 0.1705216 
0.4770915 -0.1703893 0.08104558 
-0.3900557 -0.1614489 -0.4150128 
0.3362452 -0.1540411 0.1669158 
0.5584452 0.09422471 0.2907225 
0.5859758 0.005088298 0.2694941 
0.3609225 -0.184794 0.08397464 
0.5591491 0.3139222 0.3596621 
-0.5632835 0.4711533 0.4066451 
0.5076584 0.1376801 0.3010594 
-0.4165736 0.6158453 0.4896439 
-0.2871261 -0.09132278 0.213086 
0.5097547 -0.1164803 0.2461786 
-0.6042615 -0.2366103 -0.608674 
-0.1578779 -0.1624107 -0.3916773 
0.5208815 0.4319225 0.4333326 
-0.4970821 0.06565034 0.3025175 
0.4576407 0.2028545 0.3495684 
-0.3947089 -0.005382859 0.210212 
0.007031326 0.03677629 0.2650273 
-0.2493162 0.4868274 0.4152888 
-0.5711386 -0.08124166 0.2360183 
-0.3783212 -0.2039701 -0.7399807 
0.1891167 -0.1793387 -0.4668908 
-0.3436312 0.5249723 0.4631568 
-0.5279102 -0.1227597 0.2350488 
-0.2888004 -0.1787931 -0.7867479 
-0.1183625 0.1575399 0.3037554 
-0.4641338 -0.2068117 -0.4115691 
-0.6074917 -0.05796783 0.2283661 
-0.3339968 -0.1152641 0.1922005 
-0.1182017 -0.1607269 -0.365862 
-0.5099731 -0.1942262 -0.741061 
-0.5707452 -0.2087825 -0.1753202 
-0.149473 0.6088383 0.4573958 
0.3055865 -0.1721722 0.1177916 
0.2777631 0.3984351 0.4480598 
-0.4172231 0.04955456 0.277012 
0.2407791 0.5492737 0.4668675 
-0.2817513 0.2487034 0.3570267 
-0.02312946 0.4168262 0.4304564 
0.5684738 0.145875 0.3053317 
-0.2937323 0.3692544 0.3585373 
0.5134452 -0.1826543 -0.2995662 
-0.2766095 0.1143244 0.3281696 
-0.05248063 -0.1797039 -0.1278195 
0.09743498 0.5529985 0.4287803 
-0.5035841 -0.2043127 -0.1017406 
-0.02169329 0.5731376 0.4810469 
-0.2301245 0.4997425 0.4423273 
-0.3848608 -0.1946722 0.1719002 
0.536266 -0.1808546 0.01300589 
0.5194055 -0.1844962 -0.4321564 
0.3387448 -0.156406 -0.1907115 
0.3916892 -0.1813422 -0.09934177 
0.2511393 -0.1964741 -0.0437154 
0.4141448 -0.2348003 0.005719333 
-0.02272804 -0.1973955 -0.09903356 
-0.5557423 -0.205422 -0.7612888 
0.5606624 0.3037855 0.3564768 
-0.4642026 -0.1714515 -0.2857776 
-0.1294844 -0.20674 0.1980494 
-0.5969324 -0.2121341 -0.7958505 
-0.5258067 0.5747244 0.4397359 
-0.1684839 -0.123097 0.1985893 
-0.3678476 -0.2217763 -0.7601183 
-0.1856962 0.6115707 0.4664462 
-0.4595389 0.4066887 0.3956173 
0.3857704 -0.2697901 -0.6532632 
0.1274162 -0.2419229 -0.5492466 
-0.3946326 -0.1682818 -0.5037491 
0.09618074 0.3322452 0.3579917 
0.4764681 0.5053821 0.4198227 
-0.0435328 -0.02614998 0.2830898 
0.1811454 -0.05271105 0.2265387 
-0.2207988 0.5075729 0.432748 
-0.431505 -0.08670858 0.213461 
0.05528152 -0.2272577 0.0004085507 
0.1780009 0.234286 0.3507442 
0.05916841 0.09034719 0.3376294 
0.1402718 -0.2071458 -0.7082336 
0.01011394 -0.2637624 -0.6301889 
-0.05759323 -0.2578441 0.06114435 
0.05954117 -0.2477801 -0.3351375 
-0.6188639 -0.2176041 -0.1008384 
0.003387799 -0.2107109 -0.1794147 
0.425821 0.2565225 0.3356313 
0.1698585 0.1666738 0.3075773 
-0.09192443 -0.2079058 -0.553571 
0.139203 0.07717776 0.2750506 
-0.361165 0.07461491 0.31264 
0.4418853 -0.2452754 -0.1303862 
0.4817286 -0.2163417 -0.1274395 
0.1161423 -0.2343795 -0.1539833 
-0.2364248 -0.1314369 0.1966403 
0.02394637 -0.09146597 0.2674029 
-0.4928625 -0.2536239 -0.2468405 
-0.3119145 -0.1988241 -0.07557136 
0.527712 0.2367637 0.3550029 
-0.5135517 0.3305907 0.3741057 
0.1204058 -0.1778217 -0.3394923 
0.2117279 -0.2037948 -0.6662418 
0.3493734 -0.2594918 -0.5600733 
0.37047 0.3704047 0.3864847 
0.3979329 -0.2249757 -0.3591282 
-0.1732564 -0.2269694 -0.3903132 
0.1805497 0.03239191 0.2687929 
-0.5109133 -0.004411281 0.2705585 
-0.1498954 -0.01818167 0.2805054 
0.2944762 0.1007755 0.2776797 
-0.3631693 -0.2444865 -0.5523261 
-0.4940166 -0.2578859 -0.6735345 
0.4292826 -0.1993375 -0.6119321 
0.3403301 0.2884708 0.3823591 
-0.5650182 -0.1878885 -0.5855687 
-0.07801936 0.3752138 0.4244707 
0.1281099 -0.01392852 0.2777987 
-0.08210079 -0.1646894 -0.6244155 
-0.07590232 -0.243607 -0.4466826 
0.4523764 -0.2381103 -0.1609383 
-0.4113154 -0.2561065 -0.2646802 
0.462533 -0.2172133 -0.39527 
-0.2775901 -0.2543212 -0.4413214 
-0.5218036 -0.245278 0.08482787 
0.0984687 -0.1779274 -0.4700469 
0.4603695 -0.2019343 -0.5764824 
-0.2319195 -0.2137507 0.02057524 
0.170121 -0.2050474 -0.7524263 
0.3151509 -0.1722785 -0.5505283 
0.5739135 0.1854486 0.314827 
-0.1289434 -0.1667401 -0.3275885 
0.07309908 0.4920042 0.4069601 
-0.3788672 0.2938003 0.3495492 
-0.04095175 -0.09995386 0.2264814 
-0.604035 -0.1594847 0.1914927 
0.4674872 0.4877967 0.4398744 
-0.5665446 0.5450082 0.4382029 
0.227477 0.2897627 0.3456329 
0.3650697 0.3463688 0.3841179 
-0.4779433 0.6085798 0.4527215 
-0.4896428 0.200675 0.3156617 
-0.3778902 0.4293416 0.3842623 
-0.1698316 -0.2078884 0.002662313 
0.2804464 0.1812585 0.3565539 
-0.471106 0.415784 0.400445 
-0.003727901 0.4276376 0.4304727 
-0.5595029 0.5980775 0.4778745 
-0.2845571 -0.1939226 0.2021914 
0.02519032 -0.1747092 -0.7603381 
-0.373093 -0.1174094 0.1859892 
0.4600553 0.01822226 0.2614754 
0.2570076 0.07462674 0.3568632 
0.08242209 0.2254959 0.3650294 
-0.4148171 0.4576461 0.4170893 
0.0997363 0.1088896 0.29163 
0.2112629 0.2116723 0.3312171 
0.5401459 0.4901927 0.4521041 
-0.1250978 0.5348397 0.4161951 
-0.2848395 0.0189733 0.2838564 
-0.4252347 0.2848469 0.3419487 
0.2207044 0.4688336 0.4277665 
0.4137617 0.4827591 0.4057688 
0.3959125 -0.1445514 0.1578203 
0.06565536 -0.2021644 0.1985109 
-0.1683985 -0.2154195 0.2092744 
-0.4546906 0.5528218 0.4266352 
-0.263172 -0.1857516 -0.7887958 
0.02654681 0.07623701 0.2776844 
0.6032103 -0.197992 -0.1049719 
-0.02971085 -0.0005587658 0.2644498 
-0.0083287 0.5497535 0.4191735 
-0.6187167 -0.2049199 -0.08098642 
0.05795357 0.5631915 0.4466771 
0.03180353 0.2554221 0.3950967 
0.5823663 0.02620115 0.3004398 
0.1005629 -0.1217773 0.2380703 
-0.2189109 -0.1010874 0.2433918 
0.2175384 0.4377832 0.3968059 
0.5177765 0.3421295 0.3560707 
-0.3222033 0.4595854 0.4420895 
0.3575153 -0.1488059 0.2024807 
-0.4694954 -0.1867229 0.2063994 
-0.03318952 0.4696783 0.4028097 
0.3652572 0.3691713 0.3710479 
0.1037477 -0.1830804 -0.6994372 
0.2547525 0.1502005 0.3358043 
-0.1159965 0.08075196 0.2965204 
0.480315 0.3697348 0.3875313 
0.03322898 0.02743126 0.3079485 
-0.4218754 0.5606532 0.4275853 
-0.288987 -0.1578179 0.1259431 
-0.2711376 -0.1573813 -0.1458193 
0.2318381 -0.1908364 0.2132116 
-0.3348856 -0.1977043 -0.07589903 
-0.09405749 -0.1644585 -0.6729161 
-0.3441923 0.4468935 0.4397921 
0.4665435 -0.1830518 -0.3597234 
-0.09177706 -0.2657483 0.09871523 
0.525059 0.180631 0.3425373 
0.2562642 -0.1897811 -0.5632125 
0.3986592 -0.2337309 0.01090514 
0.2999937 -0.1870381 -0.7074409 
0.5279195 -0.1272516 0.1961499 
0.5388638 0.6052893 0.5008594 
0.4112251 -0.05693956 0.2130817 
0.1957309 -0.2110559 -0.0361587 
0.2576565 -0.2234012 -0.6020519 
0.2431722 0.5570695 0.4366779 
0.3933772 -0.2304611 -0.04628322 
0.5002133 -0.04881423 0.2187415 
-0.2062842 -0.1543342 0.2368548 
-0.1680831 -0.1812522 -0.4881453 
-0.08969276 -0.1570666 -0.1494868 
0.1738861 -0.221337 -0.3877138 
-0.1028343 -0.2389907 -0.5401585 
0.2720324 -0.2439004 -0.2576926 
-0.3636038 -0.1872351 -0.5891781 
0.3728727 -0.2576737 -0.5486534 
0.4417132 -0.1896832 -0.7014039 
0.3981043 -0.1810302 -0.6184982 
-0.5686431 -0.1950652 -0.6259395 
-0.5571532 -0.2652585 -0.2227477 
-0.2236524 -0.2265983 -0.5964142 
0.01287355 -0.2442644 -0.3324182 
-0.1020936 0.5090548 0.3946668 
-0.07173547 -0.1657629 -0.7124577 
-0.03755914 -0.1659066 -0.7091289 
-0.5594506 -0.2286037 -0.2697978 
-0.3526553 -0.1805979 0.1797638 
-0.2665371 -0.2347196 -0.1165275 
-0.2192661 -0.2486265 -0.1683085 
0.5726629 0.3689713 0.369632 
-0.09699532 -0.1941436 -0.7313885 
-0.0231031 0.5067438 0.386019 
0.008460615 -0.2196818 0.1826145 
0.05065189 -0.1767842 -0.5903238 
-0.1466197 -0.2525865 -0.009688362 
-0.05302608 -0.2353484 -0.2417606 
0.5344154 -0.2379924 -0.2527605 
-0.1525235 -0.1666056 -0.6135442 
0.07778107 -0.2550705 -0.6623746 
-0.5888499 -0.1629982 0.1273879 
0.2203364 -0.1720072 -0.05058537 
-0.1197965 -0.2328067 -0.2329262 
0.5263025 0.1264224 0.2865448 
-0.1967878 -0.1794885 -0.6138512 
0.2962697 -0.2005102 -0.615606 
0.4678653 -0.2064648 -0.6728108 
0.472531 -0.2240172 -0.6814309 
0.4461925 -0.2590831 -0.5455558 
0.3966041 -0.2275278 -0.7124074 
-0.2165737 -0.1700993 -0.7046739 
0.4696559 -0.1993404 -0.63545 
0.410212 -0.2260184 0.008093229 
-0.2544107 -0.2003675 -0.3040976 
0.3730756 -0.1885331 -0.6954299 
-0.5397558 -0.1782658 -0.6872758 
0.3897846 -0.1892011 -0.7197511 
0.05957505 -0.2257576 0.01441543 
-0.4248792 -0.2363367 -0.6313109 
-0.3635763 -0.1872346 -0.5891437 
-0.4559794 -0.2222463 -0.4715808 
0.5623561 -0.2277502 0.09900957 
0.3622935 -0.1745863 -0.5835621 
-0.4515349 -0.1769696 -0.6228165 
0.5404834 -0.2380978 -0.5185882 
-0.4563153 -0.2560763 -0.5504661 
-0.08374421 0.146491 0.2993082 
0.3553912 -0.2328415 -0.1840986 
-0.58095 -0.1814407 -0.7156938 
-0.514405 -0.2080852 0.1682155 
0.09684179 -0.2431024 -0.2432133 
-0.1105893 -0.1650885 -0.7126305 
-0.1493229 -0.1683708 0.1136148 
0.3123229 0.1947681 0.3587886 
-0.1833877 0.3653572 0.3732449 
0.2935962 -0.2063102 0.2030076 
0.2640992 0.3644263 0.3993749 
-0.0460449 -0.1643272 -0.5860551 
-0.1542807 -0.2478828 -0.6247398 
0.2001725 -0.246187 -0.2349387 
0.1921927 -0.2500522 -0.4445592 
-0.427537 -0.2404702 -0.7268231 
0.3942004 -0.24674 -0.6406708 
0.07903928 -0.2483689 -0.5188429 
0.3591019 0.01794557 0.2612318 
0.5369215 -0.0335748 0.2784734 
-0.3886558 -0.2493858 -0.3645111 
0.5787138 -0.1839635 -0.5192541 
0.4803112 -0.2392302 -0.06224152 
0.4032794 -0.2200323 -0.3776275 
-0.453966 -0.2162157 -0.7510422 
-0.5422338 0.3399752 0.3563131 
0.4398789 -0.1868476 -0.1805075 
-0.3283335 -0.2033092 0.1860447 
0.5775568 0.4653579 0.4353928 
0.148458 -0.1937771 0.2018725 
-0.3737375 -0.2407523 -0.591619 
0.1881477 -0.2452754 -0.5250459 
-0.4160891 -0.1626705 -0.4788362 
-0.4615594 -0.1685801 -0.2547545 
0.615909 -0.2248735 -0.4538237 
0.5109369 -0.1524266 0.1873191 
0.1242125 -0.182978 -0.7422225 
0.4519727 -0.2369883 0.1030526 
0.5619324 -0.2599036 0.00610093 
-0.4051771 -0.2248181 -0.749218 
0.5588713 -0.189539 -0.2549959 
0.2982908 0.5899271 0.4592487 
0.2288507 -0.1831983 -0.2056792 
-0.5426313 -0.1878842 0.2162814 
0.4412466 0.4200492 0.3862698 
0.5319011 0.2387198 0.3279934 
-0.1995097 -0.1703893 -0.4687354 
0.3856739 0.0202474 0.3302967 
-0.2639453 -0.1640505 0.1117206 
-0.1114768 0.5070993 0.3912434 
0.1366083 -0.1862232 -0.3619924 
0.4090003 0.3994928 0.3915455 
-0.5751984 0.2009576 0.330439 
0.5953349 -0.2097121 0.05417334 
-0.4339834 0.2509075 0.3325791 
0.1590746 0.3963661 0.4248385 
-0.2213221 -0.2104175 0.1204059 
0.5732273 0.528448 0.4461289 
-0.3499415 -0.2132727 -0.05985819 
-0.3314334 0.009970101 0.2341258 
-0.1583545 -0.1066783 0.2538967 
-0.5096976 0.3418877 0.3709828 
0.2401133 0.005722824 0.2681645 
0.5702481 -0.1971895 -0.4879203 
0.48467 0.286581 0.3340757 
-0.08417527 -0.175252 -0.001134672 
0.499277 -0.2037314 -0.7505404 
-0.3035451 0.1921174 0.3279726 
0.3628544 0.5817733 0.4592831 
0.311455 0.5322437 0.4254554 
-0.3619524 0.4852582 0.4039368 
0.2691347 0.4225841 0.3949654 
0.1685968 0.2782028 0.335544 
-0.5696394 0.267422 0.3595988 
-0.5295407 -0.1608563 -0.4719601 
0.07810528 0.3137682 0.4001331 
0.5754522 0.02026678 0.2556379 
-0.3026745 0.4265813 0.4349245 
0.1705704 0.5113977 0.4379854 
-0.1059223 0.6327994 0.5194821 
