0.2174617 -0.1644545 -0.6962177 
-0.6041189 0.6314718 0.4494257 
0.5896403 0.3367487 0.3881435 
-0.6006972 -0.2275304 -0.04022545 
0.1674204 -0.2376844 0.1136708 
-0.5231041 -0.1705391 -0.7639714 
0.04371893 0.6346213 0.4616414 
-0.2742949 0.1400589 0.3358822 
0.6025875 -0.2049396 -0.2338904 
-0.1528607 -0.1968653 -0.2999298 
0.5944926 -0.1044523 0.222152 
0.1784974 0.1567598 0.3397271 
-0.2321497 -0.2335381 0.158596 
0.5967817 -0.2201766 -0.7602682 
-0.6005146 0.01473958 0.2495986 
-0.1509292 -0.2438051 -0.6817229 
0.2338388 -0.2295448 -0.1961147 
-0.6084688 -0.1975054 -0.4188807 
0.4177597 0.6311578 0.4604592 
-0.2602589 0.5104533 0.411945 
-0.5621957 0.3267805 0.3960194 
0.4541975 -0.2425892 -0.01925987 
0.4368591 -0.2215888 -0.4850009 
-0.05360186 -0.04388847 0.2258075 
0.2436888 0.4204655 0.4335592 
-0.05800146 0.3453852 0.3605447 
0.3306468 -0.06434615 0.2681234 
-0.3351118 -0.1695879 -0.1041086 
-0.0661787 -0.2443105 -0.05773317 
-0.3513501 -0.2004678 -0.5021325 
0.01886213 -0.2430912 -0.4730298 
-0.5002114 -0.2173988 0.20003 
0.4929863 0.1180856 0.3283015 
-0.3629129 -0.05074018 0.23007 
0.603347 0.5644315 0.4481381 
-0.4414669 -0.2456584 -0.2864586 
0.0231303 -0.2029884 -0.7779477 
0.3842672 0.3099761 0.3480561 
0.4027331 -0.1761042 -0.7608716 
0.2395868 -0.20598 -0.01614169 
0.2156927 -0.1708577 -0.4335597 
0.03923092 -0.1689828 -0.227221 
-0.04398036 -0.2370226 0.1638033 
-0.4788021 0.1416499 0.295963 
-0.3720299 0.6225882 0.4776429 
-0.01695589 0.1408179 0.3380583 
0.4274992 -0.1691923 -0.2218543 
-0.3089316 -0.2046424 -0.7737246 
-0.3423357 0.337188 0.3565498 
-0.5752032 -0.2379891 -0.6054891 
-0.1575172 0.6379105 0.4508386 
0.4545307 0.4420174 0.4368235 
0.1478517 -0.02846036 0.231712 
0.4320155 -0.2199691 0.1999673 
-0.462358 0.465895 0.4414103 
0.2065435 0.6222427 0.446691 
0.588158 -0.1878288 -0.4444076 
0.5977751 -0.1858296 -0.04984238 
-0.6259064 -0.1763443 -0.2479179 
-0.1195229 -0.1704353 -0.4992951 
-0.2232076 -0.0941344 0.2618441 
-0.03396187 0.510669 0.4594741 
-0.4212757 -0.2438391 0.05100863 
0.1428665 0.3140411 0.3502397 
-0.1649576 -0.2455055 -0.1678286 
-0.3075627 -0.2452905 -0.3634087 
0.606046 -0.2137463 0.1168532 
0.4889393 -0.1689802 -0.6313937 
0.3106557 0.06334927 0.2781141 
-0.5874093 0.4544776 0.3947547 
-0.40606 -0.247132 -0.6568491 
0.3215104 -0.1743021 0.1016721 
0.1009868 -0.2469991 -0.08498514 
-0.614968 -0.1925951 0.08160534 
-0.1842568 0.3893268 0.3737522 
-0.1931296 -0.1669741 -0.008096868 
0.3426814 -0.2467421 -0.3525649 
0.04156585 -0.1738175 -0.6103915 
0.108786 0.5182874 0.4136867 
-0.17069 0.07292585 0.2552667 
0.4893334 -0.04663425 0.2444139 
0.3153791 -0.2021404 -0.6049031 
-0.491434 -0.1590109 -0.1576573 
0.07676679 -0.1679993 0.2354317 
-0.5960503 0.1710807 0.3056392 
0.08290807 -0.2376483 -0.3670185 
0.06436 -0.1676168 0.01685126 
0.5925535 0.2105507 0.3184106 
0.5888993 0.04997627 0.2653365 
0.5950546 -0.2290073 -0.5853711 
-0.4891723 -0.2443808 -0.4884934 
-0.3809294 -0.1708456 0.2325773 
0.5167006 -0.2448155 -0.1392431 
-0.1362789 0.2145608 0.3157395 
0.178531 -0.2463455 -0.558533 
-0.04945126 -0.1709487 -0.3700045 
0.5010051 -0.1746606 -0.3348265 
-0.2998047 -0.2090738 -0.2582431 
-0.5516757 -0.0870211 0.2614434 
0.2265189 -0.1599652 0.2384329 
-0.2262524 -0.1912491 -0.5826384 
0.3423512 -0.2475813 -0.13489 
0.2610744 0.2733147 0.3343823 
-0.101304 -0.1855067 -0.205255 
0.2692341 -0.1943205 -0.7721072 
-0.4352731 -0.1806269 -0.37699 
0.04198554 0.04508546 0.2586657 
-0.09858002 -0.1971798 -0.766522 
0.3314646 0.5451992 0.469165 
-0.2602747 0.02741666 0.297547 
-0.05998267 -0.2478736 -0.5943604 
-0.1615863 -0.2447078 0.08264744 
-0.5921507 -0.1789859 -0.7066931 
0.1196896 -0.2359872 -0.6986021 
-0.1045778 -0.1605773 0.2375023 
0.5512621 0.6268901 0.4787633 
0.3858078 0.1628047 0.3461924 
-0.2542682 0.6145271 0.4868104 
-0.5496101 -0.2562702 -0.3390149 
-0.254182 -0.2264869 -0.4937676 
-0.4929319 0.00786658 0.2939166 
-0.4930692 -0.1770728 0.01049006 
-0.1475344 -0.2212213 -0.3902197 
-0.3353133 -0.1484265 0.04827032 
0.1789524 -0.1762707 -0.1633476 
-0.4887485 -0.1745603 -0.5850673 
0.5593899 0.4407907 0.4352252 
0.345728 -0.1593677 -0.4826186 
0.3513998 0.3867627 0.3725044 
-0.3347715 0.216551 0.3068356 
0.5038939 0.2303785 0.3177371 
-0.1276878 0.4540038 0.4406063 
0.06759141 0.4006043 0.4230971 
0.3263955 -0.2058363 0.213012 
0.5051744 -0.1745161 0.1330067 
-0.4528221 0.2792128 0.336064 
-0.3618351 0.09521197 0.2724532 
0.4310983 -0.1713637 -0.1075696 
0.5085856 0.3570491 0.4059411 
0.005639778 -0.2429216 -0.2942135 
-0.2146849 -0.1746909 -0.6897542 
-0.03991242 -0.2467543 -0.7108008 
-0.2516319 0.2618519 0.3356036 
-0.5038466 0.6123241 0.4860509 
-0.3765735 -0.2450007 -0.1887486 
0.166032 -0.1929441 -0.7571202 
0.2940436 -0.2462803 0.02999344 
0.2442474 -0.1717734 -0.5927349 
0.4886256 -0.2463889 -0.7198835 
-0.4692919 -0.1695755 0.1194448 
0.2009213 -0.1879012 -0.3179355 
0.1723384 -0.1711364 0.03935025 
0.1439943 0.5942719 0.4857377 
0.2289028 0.04441983 0.304342 
0.06762347 0.1913475 0.3015924 
-0.4322808 -0.2438149 -0.07684016 
-0.4881328 -0.2473069 -0.7116486 
0.005767204 -0.2168934 -0.1546094 
-0.2151514 -0.2255795 -0.7679089 
-0.5618082 -0.2429243 -0.1531875 
0.2999649 -0.1640936 -0.2610129 
-0.06135891 -0.1695817 0.02055755 
0.4943509 -0.2458453 -0.2492331 
-0.3015742 -0.2459122 -0.02159077 
0.4987772 -0.1228396 0.2495961 
-0.5941162 -0.1730577 0.2072446 
0.5919668 -0.2242959 -0.3513835 
-0.4590478 0.3550314 0.3726636 
0.4045551 -0.1341254 0.1935256 
-0.3567185 0.4490217 0.4397921 
-0.3907512 -0.1695543 -0.731011 
-0.0399082 0.2430484 0.3468461 
0.4626044 0.5577273 0.4739161 
-0.3490085 -0.2391359 0.1255753 
-0.3662091 0.5477601 0.4266935 
-0.5897025 -0.1752711 -0.5408998 
0.2690684 -0.161008 -0.1585209 
0.06721133 -0.2398941 0.1165499 
0.1350008 -0.1740529 -0.4675262 
-0.2447218 -0.1722604 -0.3958727 
0.5864963 -0.1819358 -0.1422394 
0.5278306 -0.1662575 -0.5313768 
0.3932108 -0.1662404 -0.6068419 
0.5574368 -0.2497717 0.01632478 
0.3457605 -0.2463217 -0.7225654 
-0.04501672 0.6043938 0.4815952 
0.2350759 -0.2600625 -0.3674595 
-0.5479913 -0.2350253 0.05305164 
-0.5716297 0.5307574 0.4535199 
0.579214 -0.2072751 0.2050435 
-0.1627066 -0.1697877 -0.06012716 
-0.2257571 -0.2470928 -0.2499115 
0.1114608 -0.2427789 -0.2071033 
-0.02704355 -0.1289685 0.1926943 
-0.1128017 0.5569313 0.4722596 
0.2270809 0.3328612 0.4017822 
0.01512881 -0.1660604 -0.07305831 
-0.289356 -0.2482966 -0.6250376 
0.4252374 0.06906067 0.3135861 
-0.06331442 0.04230849 0.3034244 
0.05230266 -0.02796548 0.2842696 
-0.5933857 0.08150254 0.299711 
0.2149206 0.5063835 0.4563649 
-0.09098469 -0.2435906 -0.2349121 
-0.3102017 -0.1316348 0.1966733 
0.2116361 -0.22415 -0.09580605 
-0.3860646 -0.2184888 -0.4132306 
-0.04165517 -0.2444692 -0.4585148 
-0.1981435 -0.1612572 0.171217 
-0.4342498 -0.2435491 -0.5320798 
-0.597551 0.2692197 0.331569 
-0.3677995 -0.1796872 -0.3314912 
-0.1748669 -0.2445034 -0.5636626 
0.4073995 -0.1878195 -0.6116406 
-0.27188 0.3825551 0.4178904 
0.5169564 -0.2462988 -0.3967248 
0.300902 0.1413857 0.3355783 
0.0603516 -0.1854345 -0.3711616 
-0.1178769 -0.1696496 -0.6032801 
-0.02903695 0.4268432 0.3888048 
0.2618476 -0.08191141 0.2612762 
-0.5233731 -0.1760556 -0.2804351 
0.3699312 -0.1709909 0.02475721 
0.3958071 -0.1689218 -0.3419627 
0.3669852 -0.2453444 -0.2543789 
0.2845117 -0.2456663 -0.4892126 
0.5219561 -0.1684795 -0.7678243 
0.5610814 -0.2498747 -0.6579838 
-0.1418058 -0.0418107 0.229023 
-0.2053189 -0.1474909 0.05900998 
0.2648278 -0.2301539 0.1760852 
0.2052895 -0.261594 -0.383112 
-0.3973998 -0.1689974 -0.01286652 
0.4017809 -0.2445024 0.08074691 
-0.6066278 -0.1846286 -0.1087915 
0.3362316 0.6314321 0.4494267 
0.5099502 -0.2095486 -0.0297646 
-0.5637771 -0.2321531 -0.7655404 
-0.5956528 0.3828295 0.3728598 
-0.172174 -0.1934327 -0.224595 
-0.1019396 0.2879667 0.3475383 
-0.5231051 0.2054179 0.3590573 
0.01168056 0.5616542 0.4295282 
0.1540056 0.4177528 0.3764849 
0.1000325 -0.2452763 -0.00707596 
-0.3058331 -0.0705957 0.2662995 
-0.1467355 -0.2210931 0.206207 
0.2900347 0.5113958 0.4152009 
0.4498648 -0.2473432 -0.6087099 
-0.3323169 -0.1733384 -0.6089718 
0.1281807 0.08208412 0.3094377 
-0.4125514 -0.1707825 -0.231134 
0.2091267 -0.2408221 0.05906007 
-0.3206618 -0.2236367 -0.5527879 
-0.6032067 -0.09220304 0.2208936 
-0.4259309 -0.1023312 0.2555885 
-0.2923096 -0.243134 -0.1711062 
-0.02724902 -0.2427449 0.05714441 
-0.1596788 -0.2424874 -0.03383404 
0.2991105 0.3310198 0.3991886 
-0.5519809 0.4261182 0.4323022 
-0.04434359 -0.1492726 -0.5220667 
-0.1145932 0.3879443 0.4181965 
0.3071193 0.03361881 0.2817322 
0.6170354 0.1373033 0.2728298 
-0.02149143 -0.1784122 0.1082711 
-0.04397245 -0.1690468 -0.2825834 
0.5496036 0.03598259 0.2999876 
0.2426723 -0.228084 -0.646065 
0.5957915 -0.2328831 -0.4791019 
0.4713552 -0.1932779 -0.4731697 
0.2300689 -0.1751328 0.09988746 
-0.5123905 -0.1742717 -0.6473011 
-0.5868279 -0.1854561 -0.3460554 
0.1217126 0.2392833 0.3698843 
-0.1150866 -0.1738065 0.1048332 
0.1472346 -0.2143998 0.1963852 
0.07660173 -0.2446313 -0.5763958 
0.3059582 -0.1700774 -0.3888281 
0.1709722 -0.2336439 -0.7023559 
0.5747117 -0.1703708 -0.6557409 
0.03921916 0.3237187 0.3495251 
0.1039003 -0.1895865 -0.0521877 
-0.1957366 0.1153772 0.2927545 
-0.5423025 -0.1630404 0.1481452 
-0.09012254 -0.2508441 -0.1440079 
-0.4068646 -0.2404036 -0.7470651 
0.5745363 -0.176185 0.03693151 
0.1100806 -0.1995209 -0.6667323 
-0.4732567 -0.1687042 -0.4860752 
0.130365 -0.1465166 0.1601096 
-0.2640659 -0.1689373 -0.08862431 
-0.2912349 -0.2257594 0.0905542 
0.1535212 -0.1682737 -0.2450682 
0.5648109 0.2668745 0.3746637 
0.3866066 -0.007787537 0.2435386 
-0.4968339 -0.24441 -0.2029684 
0.3656447 -0.2440251 -0.04511324 
-0.00891549 -0.2443499 -0.404532 
0.3136622 -0.1677971 -0.6546745 
0.3676383 -0.2455792 -0.5127025 
0.5075797 -0.1688367 -0.1440289 
-0.4559124 -0.2335019 -0.363377 
0.06125182 -0.2154092 -0.4099124 
-0.3137643 -0.1734168 -0.4447528 
-0.1652795 -0.213751 -0.3306231 
-0.08982964 0.1462658 0.3301283 
0.6144745 0.4074747 0.3906207 
-0.5755993 -0.2566849 -0.4789964 
0.1091847 -0.1464477 0.1221434 
-0.5342916 -0.1689156 -0.4977031 
-0.5670643 -0.1728255 -0.002124162 
0.03741563 0.4738286 0.4472821 
0.4624623 -0.2419441 -0.3226179 
-0.2264542 -0.1756772 -0.2940431 
-0.1832009 0.468372 0.4479664 
-0.4414917 -0.2255625 0.1843454 
0.4050185 0.5753939 0.4308151 
-0.4906223 0.5494927 0.4243655 
0.5833609 -0.06327096 0.215523 
-0.2651294 -0.2526444 -0.6873465 
0.5302578 -0.1733385 -0.2636642 
-0.3129548 0.2529804 0.3730214 
-0.2500736 -0.1709425 -0.7628343 
0.051823 0.2677489 0.3815441 
0.5945309 -0.05090834 0.2608837 
0.5622969 -0.2447731 -0.1671869 
-0.4906357 -0.2417552 -0.07128761 
-0.3409273 -0.2499815 -0.2817907 
0.07849672 -0.1855673 -0.7215479 
-0.4615563 -0.2469401 -0.6262587 
-0.3492913 -0.2455735 0.003158726 
0.4229068 -0.2428757 -0.153441 
-0.3940701 -0.1698509 -0.1520171 
0.4163666 -0.1706661 0.1301877 
-0.3091686 0.639376 0.4691529 
-0.602036 -0.2197283 0.1347763 
-0.5222252 -0.1996837 -0.407001 
0.5128673 -0.2366235 0.1473458 
-0.4972212 -0.2415706 0.1670327 
0.5317323 0.5255249 0.4141118 
0.3531263 -0.1744119 -0.05435159 
-0.1181672 -0.2464322 0.02419497 
0.2525991 -0.2260689 -0.7048111 
-0.5923647 -0.1796482 -0.6250373 
0.2737952 -0.1490678 0.1783076 
0.3290852 0.2280843 0.3634984 
-0.05895256 -0.1874556 -0.6730459 
0.1719766 -0.2437823 -0.2867345 
0.06685868 -0.2332986 0.1584918 
-0.517896 0.1065013 0.2705913 
0.1758507 -0.1683896 -0.6139259 
0.5995973 -0.1751636 -0.3248484 
0.1042102 -0.2021902 -0.3798889 
0.5943969 -0.1892119 -0.5322541 
-0.1350715 -0.1988023 -0.4038186 
0.1685925 0.640378 0.4682549 
-0.4486731 0.09588822 0.3220586 
0.4821387 0.3072381 0.3897035 
0.4052593 -0.07877994 0.2629888 
0.559241 0.1710301 0.3446398 
-0.5530123 -0.2437502 -0.2459465 
0.5133089 -0.2457913 -0.5706879 
0.4080431 -0.2441897 -0.4280575 
0.3362691 -0.2426338 0.1395103 
-0.0421478 -0.2469603 -0.7479573 
-0.5270076 0.6328487 0.4524774 
0.04625321 -0.1884432 -0.1454072 
-0.2212025 0.06729499 0.2966599 
0.5997044 -0.2262996 -0.1188487 
-0.4270719 0.3484171 0.4076444 
-0.3037193 -0.1711351 -0.04788855 
0.2646719 -0.1711072 -0.2310112 
-0.5356649 -0.008366089 0.235594 
0.4558588 -0.1605859 -0.7367806 
-0.3831331 0.1482528 0.3368129 
-0.2016782 0.542388 0.4231178 
-0.09762215 -0.2194473 -0.3337127 
-0.3623474 -0.2418786 -0.07221761 
-0.1623798 -0.1690341 -0.6899586 
0.4719774 0.417844 0.3807568 
0.04761967 -0.245062 -0.6521431 
0.1016557 -0.1078084 0.2523709 
0.5173345 -0.1744049 -0.1105276 
-0.475022 -0.008780475 0.2442753 
0.3465959 -0.1595051 -0.186241 
-0.410165 0.6004091 0.4899778 
-0.2049603 -0.02321368 0.2847459 
-0.1730383 0.2592968 0.378678 
0.4033622 0.3818608 0.4169785 
0.178569 0.4776696 0.4371956 
0.2752705 -0.1842342 0.02897645 
0.1624232 -0.1892004 -0.06795689 
-0.6064121 0.5883354 0.4464825 
-0.4241796 -0.1861824 -0.7742004 
-0.5390753 -0.1719271 -0.1862319 
0.154352 0.03723981 0.2573486 
0.4871461 -0.2472835 0.07425952 
0.2038795 -0.2098006 -0.1950554 
-0.5460535 -0.2463448 -0.5533835 
0.08021744 -0.1700105 -0.5292132 
0.1053302 -0.2096263 -0.4304812 
-0.2259809 -0.2463956 -0.4070707 
-0.5530154 0.2532043 0.3240748 
-0.4823823 -0.1427363 0.1780272 
-0.2449266 -0.16282 -0.493873 
-0.2969871 -0.1683233 -0.6927024 
0.2842457 -0.2225208 -0.0705694 
-0.3125385 -0.1746323 -0.1803355 
-0.1319516 -0.174751 0.04372709 
-0.5956327 -0.2231271 -0.6868654 
-0.2700143 -0.2447425 -0.5630181 
-0.4177702 -0.1762222 0.09735729 
-0.459262 -0.1672941 -0.07845152 
-0.5847757 -0.02254064 0.2737248 
0.2450109 0.1912508 0.3096936 
0.01323088 -0.2027308 -0.4445049 
-0.5628743 0.1390847 0.3303667 
-0.5743319 -0.1709385 0.06013697 
0.34681 -0.1545917 -0.7072766 
-0.147517 -0.2048818 -0.2237763 
0.2704852 -0.2107574 -0.1545415 
-0.09206879 -0.08587905 0.2612194 
0.08320113 -0.2458864 -0.2602933 
-0.317007 -0.2087215 0.2186176 
-0.3830756 -0.1734728 0.160863 
0.02180642 0.09440393 0.3233719 
-0.4255756 -0.2191781 -0.3328862 
-0.3412478 0.59548 0.4834752 
-0.3462631 0.05063366 0.3058155 
0.5769727 -0.2390109 -0.2944989 
0.5668173 0.5595479 0.4754126 
-0.4067365 0.4389338 0.3911139 
-0.4094029 0.2467346 0.3702266 
-0.02022264 -0.2446986 -0.2160534 
0.4734161 0.17249 0.2961495 
-0.3172395 -0.2262607 -0.4432173 
-0.233867 -0.1432618 0.2466813 
0.0757281 0.5693581 0.4305104 
0.2793381 -0.1698579 -0.7287043 
-0.049167 -0.1827535 0.2283674 
0.1736971 -0.1916016 -0.7399619 
0.2199071 0.01446774 0.2451715 
0.3074526 -0.2204695 -0.434753 
-0.1020616 0.2034109 0.3474561 
0.4212534 -0.2415728 -0.741168 
-0.3269359 -0.2193457 -0.2633519 
0.2505912 -0.2434149 -0.5671848 
0.3651166 0.5091538 0.4110911 
0.007658699 -0.1313948 0.246399 
0.5457553 -0.1360795 0.191497 
0.3623867 -0.181893 -0.3796786 
-0.3692345 -0.06962296 0.2240036 
0.4913652 0.6089616 0.4451248 
-0.0827378 0.5829111 0.4324445 
-0.4087326 -0.1729161 -0.6438733 
-0.5422353 -0.1301027 0.1903243 
0.1333107 -0.2408364 -0.631999 
0.440312 0.2314552 0.3680847 
-0.4178616 0.02361991 0.2951811 
0.5990441 0.2931122 0.3599512 
-0.09710149 -0.2450812 -0.7577193 
-0.2724851 0.3114969 0.3924527 
0.2764794 0.5788606 0.4794475 
-0.2020486 0.2148315 0.3646535 
0.5958145 0.6125716 0.4569865 
0.6020607 -0.1845821 0.1200306 
-0.4598384 -0.1704852 -0.7078614 
-0.2005938 -0.2436012 -0.6415 
-0.168129 -0.2450864 -0.4918178 
0.3301595 -0.2424667 -0.185813 
0.5100714 -0.2354136 -0.4757404 
0.1596321 -0.2463841 -0.4860802 
-0.2025456 0.6434659 0.4656433 
0.5349631 -0.2440469 -0.7601249 
-0.01344243 0.09374616 0.2746103 
0.06514405 -0.2333158 -0.7819068 
0.1883644 -0.2303807 -0.05240961 
0.390569 -0.1752292 -0.1360763 
-0.180788 -0.1715231 -0.5864897 
-0.3537803 -0.2487971 -0.6911268 
-0.4885683 -0.2422633 -0.007177401 
-0.02982073 -0.1730085 -0.7412835 
0.3330626 -0.156922 -0.4991655 
0.4378797 -0.2485007 -0.05876833 
0.4561676 -0.1700274 0.05403647 
-0.3433759 0.499628 0.4582198 
-0.6085539 -0.2288898 0.01977335 
0.1346958 0.1464657 0.2874362 
-0.5790861 0.2346948 0.3597252 
0.5843309 0.1288872 0.2594604 
-0.5679817 -0.1802158 -0.7785797 
0.05991986 -0.24527 -0.1510017 
-0.3167696 -0.1779019 -0.5289989 
0.3342454 -0.2173647 -0.7697359 
-0.3179788 -0.1891372 0.1073755 
0.5367355 -0.173011 -0.3884811 
0.3885315 0.6050538 0.4784595 
0.223411 -0.2276794 0.08482727 
0.3043998 -0.2454944 -0.2717627 
-0.0209062 -0.1704622 -0.1301796 
0.1952473 0.2533855 0.3283736 
0.548022 0.3649207 0.3606412 
-0.0655899 -0.2452754 0.09514751 
0.2374802 0.1252603 0.2857668 
0.5967101 0.4890424 0.426787 
-0.0008947864 0.00772556 0.2920316 
-0.284155 0.5896497 0.4339537 
-0.4635918 0.6396453 0.4610602 
0.1176407 0.3474191 0.4051059 
0.4635274 0.52337 0.4187039 
0.1969736 -0.0963541 0.2098595 
0.1826042 -0.2353068 -0.7730942 
0.4636536 -0.2164612 -0.7814086 
-0.2436721 -0.1693968 -0.2010073 
-0.5166912 -0.1604162 0.2360166 
-0.2482543 0.5438305 0.4693124 
-0.3094181 0.08081437 0.2698934 
0.4968099 0.04848251 0.2580978 
0.3220699 0.4532374 0.4403019 
0.06831512 -0.09457232 0.2112365 
-0.1154896 0.619256 0.4875899 
-0.4458845 0.1902573 0.3506681 
-0.545054 -0.1662277 -0.7208828 
-0.1468789 -0.05936908 0.2237691 
-0.1077579 0.5339141 0.4198052 
0.04718671 -0.2452763 0.03173744 
-0.4390789 -0.2452488 -0.1586464 
-0.4119213 -0.237326 -0.3440569 
0.3361699 -0.1388285 0.2429582 
-0.2911236 0.4213085 0.3842615 
0.2181265 -0.1891108 -0.5197942 
0.5265144 -0.0429583 0.2748756 
-0.3986387 -0.1709971 -0.5321698 
0.5495952 -0.1704236 -0.669075 
0.5296994 -0.247575 -0.65935 
-0.01074758 -0.2450101 -0.5466264 
0.07447248 -0.1636594 0.1632686 
-0.5192104 -0.2382238 -0.7613757 
-0.323524 0.2026314 0.3068534 
0.224091 -0.17152 -0.3829231 
0.3785754 0.1037901 0.3279833 
0.4855399 -0.1494971 0.175958 
0.3925769 0.2370039 0.3235727 
0.07823552 -0.1900333 -0.7692721 
0.1740364 0.5710894 0.4318715 
0.2436443 -0.1757793 -0.3019022 
-0.1786174 0.6050093 0.4380722 
-0.6062104 -0.2130039 -0.3709573 
-0.2823221 0.03498842 0.2557637 
-0.5720298 0.4207792 0.3706964 
0.1643689 -0.1775618 0.1029765 
0.2656401 0.342905 0.3579398 
-0.545703 0.4869578 0.399411 
-0.4039476 0.4903127 0.4090251 
-0.02963592 0.640142 0.4634328 
-0.008236932 0.274151 0.3735727 
0.09575339 -0.008342379 0.289978 
0.3784752 0.3312689 0.4001807 
0.3361268 0.2853445 0.3401865 
-0.1219662 0.004020743 0.2912472 
0.129893 0.4404278 0.4145829 
0.1811357 0.1007258 0.2765084 
-0.6066381 -0.2224374 -0.2884177 
-0.05853892 0.1737087 0.301879 
0.3575109 0.03551161 0.3008351 
0.3855247 -0.06394451 0.2229363 
-0.6145008 -0.2178798 -0.574198 
-0.04443984 -0.1729294 -0.6167206 
-0.3612342 -0.1777555 -0.2018995 
0.5579751 -0.1706486 -0.5767693 
-0.1603645 -0.1690377 -0.1112252 
0.004995974 -0.1691087 -0.6951607 
-0.2418305 -0.2453525 -0.08808663 
0.423185 -0.1727251 -0.1296687 
-0.425057 -0.2440227 -0.4616821 
-0.5386326 -0.175751 -0.5951523 
-0.2136288 -0.2455518 0.05994917 
-0.297593 -0.1694779 -0.6317776 
0.4292411 -0.1717749 -0.3934959 
-0.573707 0.06294118 0.2607885 
-0.5513963 0.5861763 0.4829283 
-0.1856466 -0.2395997 0.1413128 
-0.2055102 -0.2173806 0.2071974 
0.4649347 -0.2293743 0.1639066 
-0.05455147 -0.1896943 -0.008380149 
-0.6032868 -0.1758649 -0.2003433 
0.1609307 -0.1914452 -0.4447791 
-0.1290918 -0.1731448 -0.01029469 
0.6065841 -0.2125297 0.01753592 
0.5980415 -0.1864824 -0.3723518 
-0.4879259 -0.172296 -0.2220423 
-0.4533 0.5891711 0.4348984 
-0.5096724 -0.244425 -0.1444923 
0.4983078 -0.2454895 -0.1867666 
-0.05850656 -0.2429493 -0.405267 
-0.01855139 -0.1847625 -0.1925647 
0.33792 -0.1706324 -0.5990811 
0.5358267 -0.227412 -0.05274926 
0.02760321 -0.2327476 -0.710999 
-0.4882828 -0.2420566 0.06688463 
0.1723852 -0.2470306 0.07511501 
-0.4315135 -0.2488651 -0.6941087 
-0.4170627 -0.2410299 0.1094729 
0.1255236 -0.2314483 -0.7565472 
0.02000295 0.6025928 0.4840513 
0.2797617 -0.06876152 0.2212 
0.3925776 -0.1809999 0.2284251 
0.223307 0.3967932 0.3751757 
-0.2418155 -0.0003934924 0.2439637 
0.4806656 -0.1895971 -0.5109683 
0.5892678 -0.2342362 -0.4276648 
0.003132736 0.2008425 0.3109071 
0.5201323 -0.1718609 0.0461276 
0.118294 -0.1739611 -0.3091185 
-0.3748696 0.3673069 0.4144522 
-0.2349721 0.2163622 0.3182792 
0.3783859 -0.245314 0.03874151 
-0.2275708 -0.2438707 -0.01051815 
-0.1273215 -0.2256485 -0.6912176 
0.2448152 -0.2469002 -0.4404909 
-0.07727975 -0.2066722 -0.3436896 
0.1173869 -0.2477694 -0.5111738 
-0.4455641 0.5334644 0.4673752 
0.5288311 0.02951784 0.2474727 
0.5052953 0.4904557 0.4531451 
0.4139107 -0.1716775 -0.02346298 
-0.04737408 -0.1896214 -0.08406379 
0.2108693 -0.1809898 -0.003846439 
0.4500707 0.6069872 0.4767205 
0.2868537 0.5662164 0.4300566 
-0.5378613 0.3730949 0.4154476 
0.456574 0.2891897 0.3821726 
-0.4884378 0.4551878 0.3943486 
-0.4567971 0.3351165 0.3670717 
0.2588066 -0.1229632 0.2499715 
0.06126425 0.5344139 0.4668932 
-0.1718483 -0.1435739 0.2420982 
0.006654174 -0.1727152 0.1572502 
0.4699451 -0.1745584 -0.2922477 
0.360718 -0.1641479 0.1723036 
0.1052121 0.6352851 0.4732017 
-0.2453167 -0.07075179 0.2205332 
0.5847551 0.06217841 0.2922403 
-0.100818 -0.206957 -0.2303787 
-0.03914876 0.4903351 0.4071893 
-0.1618397 0.5198762 0.4399804 
-0.1629191 -0.1825984 -0.7597128 
-0.01954803 0.3716706 0.405296 
-0.1836328 0.4107321 0.3807117 
-0.3342238 -0.1857796 -0.2690533 
0.5543641 0.4278797 0.3842958 
0.3925325 0.5220852 0.4620649 
0.195263 -0.007200535 0.2877074 
0.561776 -0.1717827 -0.01056474 
0.2231141 -0.1660936 0.153931 
0.1247379 0.5344672 0.4668941 
0.2188032 -0.2142073 0.202188 
0.5478022 -0.2449251 -0.3554652 
0.5994202 -0.2150437 -0.6777284 
0.04692923 -0.243628 -0.3343906 
-0.4743541 -0.07997435 0.2159538 
0.4133302 -0.24373 -0.5460591 
-0.06558573 -0.01700261 0.2840046 
-0.09376702 -0.1897916 -0.4563355 
-0.2027919 -0.169062 -0.05307661 
-0.1525981 -0.1734892 -0.4245862 
-0.5816988 -0.1897575 -0.03260384 
-0.2427541 -0.2420488 -0.1807146 
-0.5523116 0.2119695 0.3091983 
-0.1220086 -0.2446143 -0.5250577 
-0.1784286 0.6242018 0.4878599 
0.06305382 0.4486371 0.3933305 
0.1106314 -0.1699509 -0.1796957 
0.2898987 0.06911661 0.3033299 
-0.1148492 0.3635284 0.3664287 
0.4911934 0.1834773 0.3501768 
-0.312229 0.1049299 0.3246111 
-0.3768568 -0.1937529 -0.7794482 
-0.2593943 -0.171143 0.03251547 
-0.1712779 0.309629 0.3945425 
-0.2135873 -0.1894512 -0.6378615 
0.1243607 -0.2434482 -0.1447669 
0.002548072 -0.2452754 -0.06106953 
-0.1079701 -0.1696222 -0.7152744 
0.5052888 -0.1973788 0.2242815 
0.02193551 -0.2422887 -0.1147268 
0.2345345 -0.221454 -0.5239415 
0.5669758 -0.1773902 -0.2154422 
-0.3724174 -0.2149457 0.1995093 
0.2797528 0.4435905 0.392488 
-0.4179941 0.1262906 0.2866955 
0.2410179 -0.2010764 -0.7657686 
0.398782 -0.1793192 -0.5039951 
0.4419491 -0.2433561 -0.3908742 
0.3925078 -0.245262 -0.6731406 
-0.5404299 -0.2247162 -0.4593992 
-0.3686993 -0.2439696 -0.5744789 
0.5477405 0.3216467 0.3951689 
0.5412536 -0.1682018 -0.4912546 
-0.3132977 -0.1915422 -0.2980047 
-0.4249294 -0.1226502 0.1988291 
0.1587768 0.2051014 0.3123336 
0.5542825 0.2124088 0.3080608 
-0.3193245 -0.1339527 0.2452274 
-0.07919077 -0.1416948 0.1867594 
-0.07294362 0.4435434 0.4360015 
0.1955081 0.6072696 0.4831738 
0.5477169 0.5980328 0.4364382 
0.3290699 0.1849994 0.3056347 
-0.5066158 -0.1914935 -0.07047001 
0.577907 -0.1886269 -0.7642502 
0.1122395 -0.1711603 -0.554446 
-0.5958405 -0.2165513 0.179647 
0.3812552 -0.1688328 -0.2795148 
-0.389396 0.516028 0.462611 
0.3996019 -0.2377008 0.1594165 
0.1670007 0.2738276 0.3818465 
0.5711818 0.147595 0.2817484 
0.182782 -0.2339627 -0.374586 
-0.05198347 -0.2509934 -0.6394706 
0.5546381 -0.2463268 -0.228774 
-0.08451003 -0.2217481 -0.2045984 
-0.597957 0.1252699 0.2919122 
0.209252 0.3068462 0.3461426 
0.003130303 -0.01847737 0.2379418 
-0.1973108 -0.05488046 0.2254379 
0.230554 0.5068675 0.413559 
-0.4394371 0.004996186 0.2875334 
-0.4464296 -0.172221 0.02438721 
-0.3053346 -0.2457493 0.1300526 
-0.3757294 -0.07040214 0.2659133 
-0.3967035 0.07262991 0.3105273 
-0.2277809 0.2954244 0.3874363 
-0.2207113 0.384495 0.4186059 
-0.1572284 0.09327435 0.3100572 
0.2522301 -0.1802779 -0.1446398 
-0.3968526 -0.1679884 -0.07404504 
-0.2829732 0.4443118 0.4324656 
0.02460512 -0.1704379 -0.3134683 
-0.4884536 0.2841304 0.3844233 
-0.5660068 -0.1725031 -0.4193858 
0.5980765 -0.05571504 0.2325906 
-0.4873796 -0.1751458 0.1629565 
0.2659658 0.2211523 0.3620921 
-0.06592181 0.2897288 0.3770782 
-0.03863383 -0.196233 0.03505366 
0.4770865 -0.1000634 0.207834 
-0.5167291 0.4801283 0.4475441 
-0.3405429 -0.1699708 -0.7435277 
0.420781 -0.2452683 -0.2361118 
-0.03012822 -0.2418267 -0.3489315 
0.5799056 -0.2251959 0.164794 
0.4136922 0.3539582 0.362624 
-0.3129851 -0.2231874 -0.2826529 
-0.3745501 -0.2312173 -0.4731878 
-0.2384709 -0.2302383 -0.719887 
-0.08017667 0.03265858 0.2539559 
0.05599798 -0.1906183 -0.4792632 
-0.3047012 -0.2466368 0.04432731 
-0.4391666 -0.2458903 -0.2220269 
-0.07991789 -0.1705542 -0.5674779 
-0.4107828 -0.2412955 -0.03836426 
0.03343035 -0.2483813 -0.2150154 
0.4688672 -0.2330619 -0.44092 
0.2642838 -0.241621 -0.6545784 
-0.3475186 -0.24463 -0.370021 
-0.467433 -0.2411737 -0.5251656 
-0.1282917 -0.2241566 -0.3060477 
-0.1644604 -0.2453508 0.03120708 
0.1743497 -0.2436881 -0.6520301 
0.3062393 -0.2265539 -0.7241993 
-0.1133846 -0.2306755 -0.1137538 
-0.4956323 -0.04931918 0.274246 
-0.2393156 0.4342462 0.4074401 
-0.4603781 -0.241759 -0.7493401 
-0.5166144 0.6035025 0.4366347 
0.1591942 -0.1746812 0.2277149 
-0.3404503 -0.01694457 0.2839697 
-0.2689325 -0.2314171 -0.761418 
-0.3517407 -0.1893471 -0.4121417 
0.233979 -0.1891108 -0.5180193 
-0.5518121 0.04096938 0.3050447 
0.001749441 -0.2240306 -0.7560949 
-0.4532472 -0.1602789 0.2366657 
0.5183257 -0.1686881 -0.5669917 
-0.5943859 -0.2239204 -0.1090388 
-0.1291237 -0.2405873 0.141299 
0.4484507 0.1094535 0.3289307 
-0.5034455 -0.2465494 -0.2791212 
0.01217539 -0.1956732 0.2208401 
-0.04444579 -0.1443055 0.2430019 
-0.1077543 0.1062827 0.2760523 
0.5613773 -0.09523161 0.2550157 
0.4727147 -0.1702361 -0.2362866 
-0.2555365 -0.1724148 0.1496375 
-0.06547362 -0.246333 -0.5252674 
0.5686108 -0.2431914 -0.5391136 
0.1177859 0.1687009 0.34479 
-0.446454 0.4112417 0.4265461 
-0.04391995 -0.1758109 0.09041561 
0.02604303 0.2670796 0.3329597 
0.328982 -0.2481032 0.08093572 
-0.6050159 -0.2258404 -0.1952756 
-0.3353696 -0.221635 0.0920074 
-0.002051312 0.4267172 0.4329823 
0.01583528 0.3621359 0.4001249 
0.04859502 0.1519321 0.2915643 
0.4277834 -0.02170136 0.2817258 
-0.31931 0.2047858 0.3567481 
0.1812039 -0.07051032 0.2662106 
0.09686164 -0.0258572 0.233622 
0.5631315 0.1154083 0.3136309 
0.5052866 0.6078829 0.4848373 
-0.1709253 -0.1798785 -0.3581004 
0.5684257 0.5078199 0.4573517 
-0.5522025 0.3705174 0.3600712 
-0.5653255 -0.1954091 0.2113595 
-0.1463113 -0.1876034 -0.1409529 
0.09828191 0.2627298 0.3314765 
-0.585106 0.5277686 0.4264266 
0.3244016 -0.1891837 -0.09879059 
0.548373 -0.1684974 0.1539364 
0.5417699 0.2752021 0.3302838 
-0.3752764 -0.1874993 -0.4463268 
-0.4180543 0.222909 0.3160999 
0.4137419 -0.2479779 -0.1019394 
0.2801609 -0.1728523 -0.6579731 
0.3996336 -0.2441002 -0.3207022 
0.1106896 -0.2466846 0.09571756 
-0.2135873 0.4830896 0.4162827 
-0.5869156 0.3737747 0.398282 
0.4189001 -0.188318 -0.4343557 
0.04897514 -0.2198452 -0.03299479 
0.4882448 -0.227412 -0.04219712 
0.2648415 0.6284995 0.4686326 
0.5402749 -0.2441045 0.1230435 
-0.2348312 0.1120654 0.2968539 
0.2038219 -0.1379062 0.1881879 
-0.6066807 -0.2142493 -0.4967633 
0.3572938 0.5422278 0.4199809 
0.609791 -0.1897124 0.09597079 
-0.5417734 -0.07763256 0.2118532 
0.2304099 0.1204873 0.3278235 
-0.3466013 0.6144751 0.449159 
0.02020867 0.2212586 0.363739 
-0.3545336 0.4062851 0.3793575 
0.4841815 0.06221385 0.3114036 
0.2725372 0.3594272 0.4074788 
0.06656714 -0.1877735 -0.01783817 
0.5971951 -0.185444 -0.7280414 
0.3712485 0.6104251 0.436912 
-0.5934465 0.3130634 0.3739002 
0.2334549 -0.1767498 0.05332779 
0.5955484 -0.2207419 -0.044785 
-0.05853017 -0.1725045 -0.4898154 
-0.05868177 -0.08390056 0.2130256 
-0.5131474 -0.170163 -0.5299015 
-0.01664995 -0.2395674 -0.4901546 
-0.3825489 -0.2407662 -0.1238632 
0.01197211 -0.2444727 -0.5955594 
0.5056285 -0.2401047 -0.3065885 
-0.1846232 -0.2392181 -0.6236119 
0.5405746 -0.2452754 -0.6995209 
-0.3191572 0.3423427 0.4035791 
-0.4074241 0.3074605 0.3538775 
-0.5904204 -0.2356595 -0.4149835 
-0.1626446 0.1588315 0.3339301 
0.4454108 0.1187564 0.2835785 
0.2589777 0.4787535 0.4503573 
-0.05135595 0.5501761 0.4231727 
-0.5395806 -0.1699035 -0.1373682 
0.05295914 -0.1702457 -0.3069317 
-0.5547333 -0.1805364 -0.3457845 
0.300924 0.2687519 0.3763501 
-0.4743061 0.2157473 0.3168097 
0.4701746 -0.1717021 -0.1032634 
0.08247939 -0.2340594 0.1538318 
0.01216541 -0.2370401 0.1541516 
-0.1267012 0.1388528 0.326612 
-0.04441797 0.1220449 0.2832375 
0.1790394 0.467769 0.3963959 
0.3080209 -0.0268479 0.237218 
0.4983252 -0.0003361741 0.2882648 
0.4064791 0.449128 0.3924567 
-0.3888136 -0.08730122 0.2162329 
-0.1877991 -0.1791916 0.109665 
-0.09378979 -0.2324872 0.1790646 
0.5994744 -0.2015724 -0.191496 
-0.5812616 0.4803708 0.4393245 
0.3604184 -0.1696594 -0.3328881 
-0.09381796 0.3263703 0.3980949 
-0.3546281 0.295606 0.3869683 
0.1811655 0.3681505 0.4134032 
-0.5913641 0.4209708 0.4209189 
-0.4886356 0.1265145 0.3304384 
0.3502234 0.3376889 0.3574466 
0.1085078 0.3961895 0.3725928 
-0.2564626 -0.03914919 0.2805071 
0.1946316 -0.2374079 0.1625651 
-0.5647672 -0.1368806 0.2379823 
0.3413759 -0.1869554 -0.7624459 
0.2092546 0.2156383 0.3612507 
-0.2614063 0.2200238 0.3632684 
0.3360169 -0.1719996 0.01069227 
-0.3121505 0.5441651 0.4253243 
0.04712646 0.518271 0.4168818 
-0.6052409 -0.2146969 -0.7340136 
-0.05556937 0.3168615 0.3533054 
-0.02857164 0.2030847 0.3428397 
0.3854792 -0.1227836 0.2488064 
0.09653862 0.0687115 0.266948 
0.5963219 -0.2389 -0.6302454 
-0.1990653 0.5598236 0.4755619 
-0.2976787 0.2449311 0.32467 
-0.04493888 -0.1714482 0.1600239 
-0.4915656 -0.1924661 -0.4302469 
-0.6056887 -0.2094712 -0.6439561 
-0.1925338 -0.08950964 0.212959 
0.02618514 0.6141658 0.4415836 
0.1700069 -0.1793842 -0.2097167 
-0.2418348 0.4905298 0.4502134 
0.09672032 0.2945428 0.3902701 
0.1454886 0.6138117 0.4433695 
-0.558457 -0.2409418 -0.7296627 
-0.1572327 0.4110965 0.4257101 
0.4992621 0.3924668 0.3651942 
-0.06793373 0.4864043 0.4058926 
0.258658 0.560751 0.4746966 
0.251437 0.2952381 0.3884221 
-0.3456856 -0.03647961 0.2337759 
-0.536679 0.1440859 0.2842939 
-0.2273935 0.04056029 0.2510658 
0.07324554 0.06179965 0.3043101 
-0.4673493 0.03189337 0.254667 
-0.09365929 0.5704774 0.4792027 
-0.5851378 -0.02569883 0.2354666 
-0.2347368 0.602738 0.4390432 
0.1691066 -0.157057 0.1724679 
0.4098537 -0.175648 -0.6232281 
-0.01002852 -0.2386739 0.08813553 
-0.3057341 -0.2424104 -0.09500935 
0.3904797 -0.227157 -0.6236698 
-0.2417713 -0.2462922 -0.2994407 
-0.1078665 -0.2270645 -0.620234 
0.4418162 -0.2466745 -0.6871811 
-0.4553164 -0.2230579 -0.4101659 
0.2870787 -0.2414444 -0.2142922 
0.2383782 -0.2272661 -0.04258744 
0.3313823 -0.1800332 -0.4199917 
-0.4337698 0.6216209 0.4825924 
0.3862297 0.05180754 0.2664906 
-0.4180428 -0.0431067 0.275316 
0.5478964 -0.1699509 0.2320735 
-0.5379656 -0.02283708 0.2845006 
0.08813087 0.440378 0.4269587 
0.3570068 -0.1042411 0.2048445 
0.3784752 0.1587935 0.2968982 
0.5953314 -0.1820416 -0.0876532 
0.304518 -0.1629774 -0.2117436 
0.2794005 -0.1698621 0.1490217 
-0.5862968 0.01449543 0.2838259 
-0.5536871 -0.2452754 -0.03872606 
-0.5308161 -0.1708249 0.0950216 
-0.4247065 -0.2490385 -0.5950096 
-0.5303738 -0.2434851 -0.6379223 
0.5546802 -0.2484926 -0.6024074 
0.3362559 -0.2510486 -0.3194001 
0.2876824 -0.2469864 -0.5321666 
-0.3888564 -0.250798 -0.2552802 
-0.001769674 -0.1745707 -0.5815196 
0.3362634 -0.2433085 -0.06751959 
-0.2842746 -0.1755503 -0.3694094 
-0.03148361 -0.2184033 -0.0941028 
0.1926314 -0.1860643 -0.6451933 
-0.3216378 -0.252566 -0.6728451 
0.5916207 0.4069016 0.4095293 
-0.02329867 0.006419842 0.2462084 
0.1458419 0.003979876 0.2913361 
0.4554974 -0.1850641 0.2247189 
0.4686061 -0.2196245 0.1714925 
0.2121557 -0.1837282 -0.1437034 
0.08323849 0.6076788 0.485287 
0.08981093 -0.1369833 0.1899112 
-0.1085197 0.4958275 0.4531066 
0.2937468 -0.1653012 0.2350206 
-0.002048821 0.3963682 0.3779739 
-0.4814833 0.2363755 0.3691907 
0.4701164 0.3502095 0.3612339 
-0.4352111 0.3413091 0.3572975 
-0.3405477 -0.1703314 -0.03159318 
0.2596142 0.06845238 0.2692251 
0.3221077 0.1370635 0.2910579 
-0.1430994 -0.08054478 0.2629624 
-0.4532549 0.5121265 0.4142165 
0.003997427 -0.04004244 0.2815496 
-0.3122224 0.3801176 0.3710608 
-0.4885355 0.3467674 0.4072869 
0.3502715 0.4108112 0.4265728 
0.3784752 0.2740372 0.3811691 
0.5935326 -0.15407 0.1961976 
-0.5159877 0.05922903 0.2571184 
-0.3193222 0.3003704 0.3448226 
0.1564235 0.5115203 0.4128329 
-0.4030868 0.5968952 0.4417284 
0.504111 -0.169028 -0.3989524 
-0.1789554 -0.188223 -0.2302558 
-0.08293446 0.6332521 0.4557973 
0.2094384 0.6385435 0.4673673 
0.4559864 0.264882 0.3308823 
-0.1786687 0.02151188 0.2449987 
-0.403997 0.1739413 0.3013451 
0.3993886 -0.1707063 0.08161112 
-0.2227245 0.2491606 0.3302805 
0.5050136 -0.250359 0.02474924 
-0.473506 -0.1757692 -0.6524315 
-0.1079262 -0.243641 -0.0527961 
-0.163279 -0.2410319 -0.7234536 
-0.206649 -0.2431038 -0.5321406 
-0.1810799 -0.1832593 -0.6476355 
-0.382553 -0.1741199 -0.6661837 
-0.24133 -0.2438905 -0.3553604 
-0.5647993 -0.1654139 -0.5537048 
-0.2767631 -0.2435484 -0.242929 
0.4491077 -0.2411339 -0.2780988 
0.4636221 -0.1673254 0.1229335 
-0.2842383 -0.2427842 -0.4121338 
-0.4536966 -0.1735463 -0.1866765 
0.04783122 0.0001284361 0.2984787 
-0.1712824 -0.246716 -0.4332302 
0.3333297 0.6123309 0.47225 
-0.04786552 0.3783274 0.3719928 
0.5892992 -0.2412394 0.04761427 
-0.2288806 -0.1772944 0.05899306 
0.209033 -0.11873 0.2536541 
-0.5660797 0.5930801 0.4350267 
0.3365805 0.4491483 0.3927755 
-0.2277441 -0.2441949 0.1162498 
-0.1435236 -0.1462296 0.1841898 
-0.389661 0.001309539 0.2843465 
0.3008216 0.5174806 0.4584075 
0.4947433 0.08778316 0.2718432 
-0.2203512 -0.1752286 -0.4415776 
0.03693574 -0.2278541 -0.4357018 
0.4982653 0.4016435 0.421777 
0.5282232 -0.2452754 -0.08279948 
0.1667275 -0.2424649 -0.2430354 
-0.03742906 0.5982192 0.4358943 
0.4349608 0.3318991 0.3980856 
0.1458986 0.3543746 0.361192 
-0.06308085 0.2566807 0.3424075 
0.08241075 0.4856612 0.4511998 
0.3060578 0.03263373 0.2826234 
0.554541 -0.169126 -0.3493662 
-0.5058213 -0.2550918 -0.3328204 
0.5583178 -0.2460404 0.05134753 
-0.1713675 -0.1709515 -0.5321863 
-0.02889649 -0.22114 -0.004614775 
0.484198 -0.08591092 0.2634103 
0.1990745 -0.241621 -0.6087714 
0.5838016 0.61813 0.4713499 
-0.4106249 -0.1748885 -0.2778558 
0.3419089 0.1498001 0.3444282 
-0.2773703 0.296184 0.3835586 
-0.4833597 0.1053236 0.2781226 
-0.2858696 -0.1697788 -0.7497966 
-0.5831929 -0.1790101 -0.6794671 
0.3009581 0.3754355 0.3685139 
0.4466436 0.4081555 0.3723007 
0.488776 0.6335652 0.4664439 
-0.01566737 0.5387459 0.4681514 
-0.1149338 0.1841533 0.3478135 
-0.4458551 -0.1454386 0.1875273 
-0.3606965 -0.1507251 0.1826537 
-0.5778695 -0.2384149 0.02462428 
0.4282407 -0.1690589 -0.7502697 
-0.3246036 0.04500566 0.2590704 
0.5857737 -0.1705595 -0.5920302 
-0.2541425 -0.05611495 0.2253959 
0.05424385 0.178564 0.3490174 
0.4277826 -0.1486561 0.239627 
0.0615673 0.3055561 0.3449894 
0.1952375 0.359576 0.3623301 
0.2057851 -0.02613616 0.2341517 
0.5805398 0.2474063 0.3263052 
0.5774149 -0.2316062 -0.7663643 
0.3572342 0.4909466 0.451898 
0.3220681 0.09908379 0.3213505 
-0.5949732 -0.2352583 -0.5367712 
0.0399104 -0.1398586 0.2463718 
-0.1854077 0.1983452 0.3100562 
0.03952312 0.3044598 0.3963661 
0.5322761 0.4694448 0.3925164 
-0.04929243 -0.1951406 -0.3997089 
-0.01813562 0.08561474 0.3259435 
0.1767342 -0.1884381 -0.01304535 
-0.3404318 0.4599266 0.3970995 
-0.5071591 -0.1747583 0.04492937 
-0.0268158 -0.2091353 -0.7724823 
0.4417992 0.5349779 0.4638467 
0.1031942 -0.1766185 -0.4195393 
-0.1085945 0.2650429 0.3707809 
0.4560046 -0.1700772 -0.04573983 
-0.4108734 0.4538901 0.4379856 
-0.2913151 0.515947 0.4638035 
-0.367999 0.563747 0.4796777 
-0.1602661 -0.1862619 -0.2538587 
0.4391601 0.1616702 0.2952009 
0.1036206 -0.1666969 -0.2283111 
-0.1295214 0.5774226 0.4298523 
0.2251288 -0.1044749 0.2071364 
0.568214 0.5554382 0.4231001 
0.11751 -0.09895136 0.2061041 
0.4489284 -0.1697801 0.01052596 
0.01371308 -0.1883814 0.01945902 
-0.6109787 -0.2007609 -0.05357267 
-0.5926345 0.1436423 0.3115745 
-0.5550368 -0.1668489 0.1662201 
-0.2347069 -0.1680691 -0.1444913 
-0.2912753 -0.1708147 0.2345502 
0.2925951 -0.1649336 -0.4742785 
-0.1644276 -0.2464696 -0.2571357 
-0.2248087 -0.1663229 -0.5346024 
-0.4582761 -0.2376844 -0.0397371 
-0.1078001 -0.2479466 0.06722046 
-0.3337774 -0.2483447 -0.6092888 
0.2551076 -0.2078323 -0.7418268 
0.3503733 -0.2440549 -0.4546878 
0.04895066 -0.1683469 -0.6783681 
-0.5328017 -0.2279884 -0.07399063 
-0.3397311 -0.2445952 -0.1445542 
0.393601 -0.2417171 -0.1870166 
-0.2567357 -0.1801336 -0.469145 
0.3502322 -0.1831714 -0.6292076 
0.2879835 -0.2444783 0.1096482 
0.3138632 -0.2512391 -0.3639908 
-0.3122702 -0.235322 -0.1894647 
-0.5788701 0.2697211 0.3734732 
-0.5751767 -0.2123512 -0.08333715 
-0.5900208 0.5821363 0.467666 
0.3732316 0.6361681 0.4568392 
0.190673 -0.227242 0.06878179 
0.4493717 -0.1688348 -0.6590046 
0.2081336 0.1468216 0.2929474 
0.1740988 0.1052099 0.3237479 
0.1179447 -0.1711126 -0.08991237 
-0.594215 -0.09683795 0.244204 
-0.2983718 -0.232564 0.1791345 
-0.6092301 -0.221183 -0.1521553 
-0.3610255 -0.1923688 0.08705106 
-0.624079 -0.1884534 -0.2931867 
-0.2400163 0.3273459 0.3529941 
-0.1079505 0.04675323 0.3040791 
0.4629896 -0.05893029 0.2244812 
0.1529415 0.3163565 0.3952211 
-0.3684841 0.1913262 0.3479664 
0.1967051 0.4122811 0.4224494 
0.6057323 -0.2107231 -0.3056812 
-0.1325327 0.4237885 0.3850639 
-0.05857988 0.07964589 0.2693342 
0.09082586 0.09902909 0.2971569 
0.392735 -0.2146452 0.2028037 
0.4280802 -0.1405914 0.1727946 
-0.5564416 -0.2319719 0.1648056 
-0.5022746 0.5031313 0.4082225 
0.1376304 0.2419888 0.3245876 
0.03923177 -0.1705591 0.1265421 
0.4496639 0.1609999 0.346789 
0.1271791 -0.1664049 0.0656494 
-0.4950389 0.5221264 0.4614291 
0.3079607 -0.1049525 0.2059797 
-0.1662805 -0.1719486 0.1538405 
0.0118453 -0.08012494 0.2170008 
-0.2329653 0.3939313 0.3751196 
-0.6118798 -0.2292 -0.4558017 
0.5546229 -0.2444693 -0.4476011 
-0.1854145 -0.1862519 0.2277338 
0.4911257 0.2361374 0.3702241 
-0.5905854 -0.1761429 -0.4909758 
0.5999461 0.5865765 0.4726833 
0.2696838 -0.1852498 -0.7664474 
-0.2017191 -0.1940606 -0.7744988 
0.2901173 -0.1865995 -0.4084395 
-0.5177039 0.2361685 0.3233457 
0.5116568 0.5571415 0.4222535 
0.4277136 0.6185757 0.4439237 
0.6028104 -0.2035276 -0.4896137 
0.3785946 0.2196725 0.3660352 
-0.391097 -0.1821069 -0.3851976 
0.5898612 0.1926672 0.3356614 
0.07385673 -0.1765451 -0.3694777 
-0.4807523 -0.194975 0.2196903 
-0.3616409 0.1534814 0.2925247 
0.1599438 -0.1129138 0.2524147 
0.5979114 -0.01296863 0.2506613 
-0.1491366 0.2089491 0.3642085 
-0.2717699 0.1464224 0.2928421 
-0.3120929 0.05183791 0.3054326 
0.08158256 -0.1657507 0.05856599 
-0.3756866 0.02878843 0.2536484 
0.4701437 0.4373099 0.4341876 
-0.02143363 0.4523626 0.3965982 
0.5070456 0.1924457 0.2980492 
0.3784752 -0.006789654 0.2866879 
0.2292721 0.05654009 0.2691472 
-0.5520578 0.5295591 0.4136595 
0.3631156 -0.1703131 0.1191088 
0.5759703 -0.02579477 0.2311912 
-0.1434101 -0.2097255 -0.7710267 
-0.3899031 0.2591103 0.3278372 
0.4862331 -0.1665498 -0.7522469 
-0.2952338 -0.2441273 -0.5554569 
-0.2230167 -0.1893145 -0.7417784 
0.2227929 -0.2339797 -0.3374962 
-0.1784121 -0.2437242 -0.08754271 
0.01607296 -0.1718481 -0.3626549 
-0.5732353 0.6277988 0.4558496 
-0.2487237 -0.2096341 0.2147102 
-0.2278713 0.3425084 0.403703 
-0.216616 0.2377573 0.3794568 
0.4559926 0.4811332 0.4040767 
0.1240944 0.391793 0.4159788 
0.462952 -0.2463517 -0.2149564 
-0.1504392 0.2848951 0.3414849 
-0.05080366 -0.247089 -0.1661436 
-0.1519569 0.5192896 0.4279754 
-0.3071898 -0.1701573 -0.5801519 
0.5554391 0.2051414 0.3575677 
-0.1502708 0.3689893 0.4109221 
0.2960132 -0.241621 -0.6915838 
0.2793611 -0.2477449 0.06002069 
0.4698105 -0.1854307 -0.4876886 
0.07538092 -0.245156 0.06694339 
0.1811192 -0.2442251 -0.1304032 
-0.005673437 -0.189281 -0.6712927 
-0.5586665 -0.2417913 0.09507046 
-0.5425978 -0.2352033 -0.38049 
-0.2557116 0.5518418 0.4211963 
-0.2029464 0.09817811 0.2877184 
0.02661094 -0.1199405 0.1982903 
0.5686089 -0.006051679 0.2843237 
0.07721476 0.1372654 0.3282226 
-0.347579 -0.1716011 -0.151502 
-0.6131604 -0.2169361 -0.2366111 
0.568104 0.3604024 0.404746 
-0.5190563 -0.1422966 0.1769807 
0.03484751 0.1137502 0.2819495 
0.406846 0.5661167 0.4750585 
0.2728806 0.2267529 0.321255 
-0.5017534 -0.04185296 0.2290677 
0.3995946 -0.059457 0.2704069 
0.5835338 0.391546 0.370059 
0.2731806 -0.03430812 0.268007 
0.2371987 0.3828589 0.4228199 
-0.07996862 0.238443 0.3453349 
0.0102096 -0.1743278 0.06926271 
-0.03739552 -0.07558515 0.2645305 
0.2939422 -0.09611116 0.2559443 
-0.1375068 0.4498076 0.434966 
0.1248299 0.01588076 0.2486182 
0.4278087 -0.02679489 0.2363009 
0.3725527 -0.1681476 -0.143512 
-0.4605087 -0.1704111 -0.5326493 
0.5728877 -0.1705209 -0.6256022 
-0.5992656 0.3260872 0.3561715 
0.2514564 -0.2446881 -0.2928714 
0.1246712 -0.2438556 -0.3067138 
0.4211239 -0.246329 -0.02541448 
0.3361938 -0.03346412 0.2794162 
-0.5027169 -0.2475457 -0.4051178 
0.2357296 -0.2452754 -0.6889688 
0.1099635 -0.2387677 -0.5845694 
-0.2136039 -0.2468137 -0.4476362 
-0.4799763 -0.2378772 -0.1027766 
0.3290481 0.2434828 0.3248455 
-0.01018329 -0.2438447 -0.6505058 
0.07540071 0.01616396 0.2483571 
-0.5732192 0.1068543 0.2720858 
0.568725 -0.1755499 0.09549705 
-0.4045524 0.5315263 0.4252603 
0.02162606 0.3117561 0.347048 
-0.4462099 0.147738 0.3363788 
-0.5800675 -0.170681 -0.2713084 
-0.5743328 0.2463727 0.322982 
-0.5367069 0.6229832 0.4763277 
0.1272657 -0.2388427 -0.3864596 
-0.3560427 -0.1723872 -0.4435596 
0.5233193 -0.1696545 -0.2212349 
-0.09488103 -0.1713233 -0.03844902 
0.5928447 -0.1841048 0.003220304 
-0.488455 -0.1277249 0.2473767 
0.2255356 -0.2310609 0.1291798 
0.1879793 0.6287562 0.447902 
-0.04226241 0.4108606 0.4202917 
0.005445847 0.1720786 0.3512626 
0.3157095 -0.2252079 0.1886619 
0.5426169 0.04945506 0.2540618 
-0.0869441 -0.05180009 0.2237352 
0.01191388 -0.1701239 -0.2643064 
-0.5306068 0.08946346 0.3154997 
0.3180729 -0.1677099 -0.3131818 
0.533818 0.07877295 0.3122301 
-0.05880358 0.1515328 0.3417926 
-0.3433804 0.6368636 0.471778 
0.206882 -0.174126 -0.2783666 
0.05422793 -0.04764185 0.2282533 
-0.4722849 -0.1724559 0.07037187 
0.0011477 0.6377829 0.4695869 
-0.6200148 -0.1957484 -0.3310957 
-0.0798922 0.426818 0.3883193 
0.1317749 0.1262352 0.3315549 
-0.2975823 -0.1716876 -0.0668727 
0.3784815 -0.1653829 -0.229065 
-0.2975002 -0.1726393 0.1083854 
0.5059754 0.3001843 0.3839349 
-0.5109686 0.1628357 0.2984629 
-0.4274099 0.3151339 0.3565682 
0.01392226 -0.1867134 -0.3911287 
0.2431038 0.6118259 0.4817919 
-0.4525482 0.5757273 0.4824763 
-0.5919135 -0.1374963 0.197491 
0.3854837 0.4127253 0.3808599 
-0.5984311 0.07312834 0.2841617 
-0.3123378 0.4978273 0.4072995 
-0.1078935 -0.04926832 0.2731191 
0.2589367 -0.2099677 0.2115037 
0.1741193 0.5653314 0.476909 
0.5413835 -0.2141538 0.2078964 
0.3216434 -0.1744707 0.06148793 
-0.5415242 -0.1753891 -0.371619 
-0.5784913 0.1867005 0.3431106 
0.2292541 0.1036811 0.2785861 
0.01515064 -0.1857783 -0.7550934 
-0.4883804 0.4007816 0.4233668 
0.5891343 0.3388686 0.3522688 
0.1299859 -0.1732395 -0.1311384 
0.124242 -0.2301871 0.170106 
0.2163494 0.5495777 0.426687 
-0.3545584 -0.1701906 0.01028811 
-0.1978142 -0.17555 -0.2767766 
-0.1445568 0.1205596 0.2776407 
0.1176162 0.03455678 0.3031055 
-0.1362188 -0.1868391 0.2291163 
0.2727581 0.1102324 0.3250254 
0.3714595 0.115821 0.2850614 
-0.255144 -0.1755398 -0.2501226 
0.1793705 -0.1915179 -0.3705568 
-0.3991361 -0.1779506 -0.3142762 
0.2040246 0.001970438 0.2560068 
-0.4851869 -0.219981 -0.7762384 
-0.199867 -0.2414347 -0.2851782 
0.2646797 -0.2367914 0.00716906 
0.4419666 -0.2478974 0.05274785 
0.4052986 -0.2377983 -0.4755276 
0.1317821 -0.2468113 -0.0527162 
0.2373284 -0.2427435 -0.1939819 
0.1459721 -0.2465113 -0.09517881 
0.5475695 -0.1698297 -0.3063393 
-0.3967575 -0.2432292 0.01061325 
0.2128389 -0.1810985 -0.7201149 
-0.1079152 -0.2444313 -0.4757529 
0.4842354 -0.2456554 -0.3834905 
0.03298683 -0.2427496 -0.5388141 
-0.4704607 -0.1714099 -0.03872237 
0.07577565 -0.1758266 -0.6381523 
-0.264946 0.6334996 0.4713361 
-0.3474973 0.2658172 0.32936 
0.4349386 -0.09370324 0.2096413 
-0.4391696 -0.1712402 -0.5568239 
0.5719565 -0.247575 -0.6981547 
0.1530527 -0.2465572 -0.7083177 
-0.3282273 -0.235817 -0.4172136 
-0.4607533 -0.2435527 0.1028286 
0.287485 -0.1802779 -0.1622697 
0.05183074 0.629895 0.4802285 
-0.2581463 0.07421536 0.3062276 
0.3361694 -0.0638025 0.2228563 
0.1177933 -0.1819427 0.231336 
0.167278 0.3163669 0.351228 
0.1213338 0.2058803 0.3087396 
-0.2164251 0.1337887 0.3008449 
0.1316366 0.5663903 0.4297233 
0.3502247 -0.0240588 0.2411572 
0.1197047 -0.1884057 -0.7451091 
0.5405102 0.4064032 0.422971 
-0.2764062 0.6243405 0.4532366 
-0.4478906 -0.2382329 0.1460702 
-0.2228338 -0.1674002 -0.0268248 
-0.2082755 0.1579576 0.3299331 
0.6010168 -0.2317447 -0.1459197 
0.101492 -0.213839 0.2042127 
0.5774294 0.4806966 0.4073104 
0.5750341 -0.1745131 -0.05288361 
0.6038864 0.1560111 0.2951177 
-0.34677 -0.237729 -0.7549941 
-0.1130212 -0.1749854 0.07539028 
-0.5733399 -0.1688377 0.09527534 
-0.3399422 -0.1707995 0.2391405 
0.6002411 -0.1792658 -0.6891052 
-0.3380977 -0.2213345 0.0446561 
-0.01590112 -0.2387604 -0.4474293 
-0.5448804 -0.2435509 -0.2078955 
0.4981883 -0.24873 0.1236403 
0.2656271 -0.02619488 0.2345554 
-0.6025211 -0.180724 0.03566797 
0.2766139 -0.1714967 0.1060841 
0.4560377 -0.2453913 -0.5465226 
0.09626796 -0.05536315 0.2737095 
0.3069922 0.4112239 0.4280868 
-0.1288598 -0.1666784 -0.5402874 
-0.08653102 -0.1637987 0.1593945 
0.3925951 -0.2433913 -0.1438083 
0.1034174 0.2520456 0.3772506 
-0.5047688 -0.1731126 -0.7099536 
-0.4744561 -0.2330493 0.1861922 
-0.5973184 0.2232037 0.3206711 
0.5923712 -0.1708046 0.2103778 
-0.6130861 -0.1881709 -0.3536865 
-0.02674149 -0.1684928 -0.1697525 
0.6039453 -0.2017741 -0.4113979 
0.2092844 -0.0688067 0.2211897 
-0.5247177 -0.1088607 0.2019856 
-0.2608094 0.3025869 0.3469531 
0.6054045 -0.206286 -0.6170043 
0.5194151 0.1469539 0.3394496 
-0.5378591 0.2789503 0.3827176 
0.5908862 -0.2349479 -0.2220394 
0.05357321 -0.1688251 -0.1014312 
-0.4393817 0.2644317 0.3737485 
-0.08669707 0.08924776 0.317756 
-0.4554667 -0.1719069 -0.7516649 
0.2656841 0.03029587 0.2653919 
-0.0560704 -0.009543741 0.2390593 
-0.2711136 -0.0818197 0.2674651 
-0.3052281 0.1267493 0.2854502 
0.4553504 0.2077404 0.308654 
0.01894874 0.5164113 0.4622537 
0.1740136 0.1955201 0.3520036 
0.3010126 0.307289 0.3449933 
0.5687951 -0.1703448 -0.7365966 
-0.376359 0.4729247 0.4511479 
-0.3545882 -0.1130824 0.2527436 
0.07361568 0.4116317 0.3810035 
0.2568645 -0.1670107 -0.2630858 
-0.02293437 -0.1653637 -0.3419445 
-0.5299468 0.5441771 0.4680156 
-0.5796569 -0.1762072 -0.1442978 
0.5307987 -0.1057185 0.2048173 
0.5946009 0.2499061 0.3459485 
-0.1233461 -0.1976764 -0.6630881 
0.3428776 0.5775092 0.4313235 
0.5689099 0.6286454 0.4590361 
0.286837 -0.1703893 -0.6889688 
0.3710023 -0.2400153 -0.7487242 
0.2658608 -0.2470734 -0.4057918 
-0.439163 -0.2412326 -0.003313544 
-0.08680534 -0.2460453 -0.08799049 
-0.3104773 -0.1877006 0.03122684 
0.3148303 -0.237852 -0.03121513 
-0.1111182 -0.2229944 -0.414611 
-0.5489901 -0.236912 -0.6732646 
0.3573326 -0.2445375 0.003548125 
0.3071697 -0.2441509 -0.4677007 
0.2240995 -0.1901676 -0.5914951 
0.3229519 -0.2433466 -0.2423451 
0.4243244 -0.2160692 -0.768222 
0.09701149 -0.1732901 -0.6032524 
0.07539494 -0.2438049 -0.6308351 
-0.01472071 -0.1790106 -0.4935891 
0.04196675 -0.2160542 -0.3901224 
-0.4610133 -0.1617193 -0.1264214 
0.4947433 -0.2452754 -0.07752341 
0.5327383 -0.2486274 -0.1657946 
0.5501652 -0.1736163 -0.1219977 
0.09299368 -0.2273076 -0.4792632 
-0.4115326 -0.2561112 -0.3037837 
-0.3894212 -0.2419607 0.06708354 
0.4685243 -0.2236702 -0.5170465 
-0.3114195 -0.1760649 -0.498054 
-0.4389172 -0.1729675 -0.6730878 
-0.2214659 -0.2433436 -0.6025403 
-0.5662032 -0.2453764 -0.5674625 
0.5987733 0.5445692 0.4573222 
-0.5266145 -0.1768407 0.1647876 
0.5472557 -0.2019171 -0.7828794 
-0.5459685 -0.185136 -0.3104804 
-0.3130163 -0.1660533 0.1655725 
-0.5423881 0.4436709 0.3859348 
-0.1883254 -0.169514 -0.3176016 
-0.427462 -0.1776106 0.1517268 
-0.6063225 -0.2275212 0.06204115 
-0.6058147 -0.1917831 0.1715613 
0.5759203 -0.09112889 0.2137682 
-0.2065416 -0.1728843 -0.1730168 
0.2725654 0.6027787 0.4407535 
-0.0233985 -0.1880162 -0.07209361 
-0.3334292 0.1684606 0.345465 
0.4419016 0.300231 0.3452546 
-0.5026049 0.4373874 0.433281 
-0.3546167 0.2263521 0.3625822 
0.5997652 -0.07205725 0.2488693 
0.2775283 -0.1751964 -0.0069281 
0.3399795 -0.1662024 -0.2540655 
0.1384332 0.6279023 0.482701 
0.03308963 0.2247835 0.318882 
0.1248196 -0.05809724 0.2205718 
0.6031999 -0.1842856 -0.2825221 
0.4836288 -0.1711809 0.03039172 
-0.3759952 0.105735 0.3214736 
-0.1808068 0.4411645 0.4332926 
-0.1719575 0.01963122 0.2983063 
0.06172642 -0.1061139 0.2520075 
-0.00919656 -0.1653448 0.2356273 
0.08948279 -0.1696355 0.01603079 
0.5125188 0.528025 0.4666019 
0.3640891 -0.2322823 0.1858536 
0.2303857 0.1837966 0.3490764 
-0.1072609 0.5331047 0.4683626 
-0.4462275 0.04696992 0.3032141 
-0.5730651 -0.2266998 -0.02815447 
-0.1084249 0.2521707 0.3318121 
-0.5029426 0.2865909 0.3363959 
-0.2539291 0.4059632 0.4177651 
0.328107 0.4866649 0.4030256 
-0.008911831 0.04640506 0.3058946 
0.08986857 0.6299931 0.4529985 
-0.03000346 -0.2194779 0.197594 
0.1587805 0.4384142 0.4110505 
-0.07353868 -0.1893364 -0.2048216 
0.4277834 -0.2059845 0.1579741 
-0.4388952 -0.2048404 0.2111542 
-0.4800888 -0.1713337 0.09312402 
0.4418131 -0.1699636 -0.2643931 
-0.4215423 -0.1711187 -0.5356791 
-0.5909334 -0.1788172 -0.4470497 
-0.5646431 -0.2509801 -0.4879435 
-0.3331636 -0.2485821 -0.3282045 
0.3344188 -0.1703893 -0.5726522 
0.02711017 -0.2391658 -0.2697725 
-0.3968496 0.3913364 0.3749282 
-0.1819503 -0.05305308 0.2823362 
-0.08042027 -0.2383836 -0.6659517 
0.002881007 -0.2210103 0.004830281 
-0.6055651 -0.2056935 -0.6969684 
0.4911302 -0.1654592 -0.7010778 
0.3149481 -0.2412315 -0.1585512 
0.2975363 -0.2226305 -0.1164529 
-0.4347546 0.6189606 0.4511764 
-0.2136219 -0.1791766 0.1396746 
0.4957556 -0.1750416 -0.05997776 
-0.09384183 -0.1096798 0.2042772 
-0.5094452 0.3712544 0.3645153 
-0.4250152 -0.1339559 0.2450704 
0.4066791 0.3049922 0.3914816 
-0.4673793 -0.07548919 0.2642357 
0.1523336 -0.1706081 -0.6631234 
-0.5430093 -0.1939795 -0.2357821 
-0.3050323 0.5703493 0.479472 
-0.2664452 0.4583383 0.3965886 
-0.2190091 0.6246265 0.4835275 
-0.4516634 0.3291198 0.3761001 
-0.03751383 -0.2419535 0.122987 
0.456056 -0.1384608 0.1905384 
0.01195716 0.5652683 0.4775699 
-0.4434254 -0.1681286 -0.04286132 
0.5884182 -0.2449706 0.01259152 
0.3572737 0.21111 0.3143158 
0.4208059 0.02539424 0.2534658 
-0.3403717 0.1320069 0.3307732 
-0.580036 0.3452079 0.3488464 
0.2656249 0.5327112 0.423905 
0.18833 0.5002511 0.4460951 
-0.01859186 0.3476867 0.359729 
-0.1120227 0.6515838 0.4553503 
0.455768 -0.1234612 0.2510391 
-0.05853406 0.215147 0.3156726 
0.5743005 -0.1617951 0.1722627 
-0.1704442 -0.1078917 0.2585132 
0.5733634 -0.1408029 0.2336781 
-0.5634737 -0.08994467 0.2039307 
-0.4021399 0.3068786 0.3915799 
-0.2397357 -0.1777087 -0.3537898 
0.4566697 -0.1682123 -0.3278669 
0.3925872 0.4743857 0.4471525 
-0.6153247 -0.2000979 0.1269547 
-0.07797136 0.632154 0.4726911 
-0.3122269 0.01415971 0.294167 
-0.3639431 -0.1938033 0.06115699 
-0.4180562 0.4921755 0.4493192 
0.2940355 0.1679937 0.3028768 
-0.4736693 -0.01410057 0.2895428 
-0.4949705 0.5595818 0.475868 
0.4910645 -0.1707324 -0.2003879 
-0.1361436 -0.1740229 -0.1727836 
0.1899226 0.1809576 0.3042938 
0.6019357 -0.2300981 -0.1861721 
0.1670509 0.03478867 0.3027731 
-0.2351681 -0.007722594 0.2933739 
-0.5163428 0.4135339 0.3781053 
0.4209017 0.4980833 0.4069694 
-0.1149287 0.01672727 0.2450036 
0.1951984 0.2994624 0.3917193 
0.2477682 -0.1734363 0.07017036 
0.5888765 0.597299 0.439534 
-0.1640117 0.5553256 0.4632567 
0.2797676 0.4063353 0.379219 
0.4629844 -0.05423129 0.2710684 
-0.5980852 -0.1966369 -0.7478682 
0.04718717 0.3758203 0.3675416 
0.295984 -0.1711606 -0.04467761 
0.4489886 0.5615459 0.4266912 
-0.24222 0.1770091 0.3518018 
0.4204459 0.2620018 0.3807359 
-0.6022261 0.4206797 0.3941833 
-0.4768831 -0.181646 -0.7733702 
0.1096135 -0.1526811 0.1747569 
-0.6086476 0.6154805 0.4523809 
0.196663 -0.203196 0.1119981 
-0.1098615 -0.1775137 -0.2870614 
0.05952832 -0.1718967 -0.4651856 
0.5971651 0.4373057 0.4133314 
-0.1779589 0.05732185 0.3053131 
0.2304523 -0.02805092 0.2797897 
-0.1435728 0.3208576 0.3543117 
0.06836364 0.3582284 0.4102528 
-0.002143301 0.3164475 0.394951 
-0.2010296 0.4826773 0.4530394 
-0.185788 -0.2314458 0.1793837 
0.5215358 0.6394308 0.4631682 
0.2650626 -0.1692683 -0.3495406 
0.6023457 -0.204043 0.1639225 
0.04124443 -0.1630898 0.1728274 
0.4702108 -0.2237092 0.1836493 
-0.5958062 0.4566931 0.4220178 
-0.5796273 0.2863438 0.3305345 
0.2985618 -0.2404943 0.1508345 
-0.5516696 0.4960512 0.4522622 
0.5792399 -0.2372441 -0.3858772 
0.5989432 -0.230911 -0.2775928 
-0.2991533 0.6122873 0.4821827 
-0.4109503 0.5486632 0.4736771 
-0.6002253 -0.01359923 0.2535917 
-0.4750996 0.6336989 0.4774509 
-0.08770896 -0.1759367 -0.6414696 
-0.341341 -0.1892746 -0.5210303 
0.2240332 -0.171373 -0.4883316 
-0.4745536 -0.2493529 -0.3209955 
0.1440889 -0.227259 -0.4548767 
-0.1282487 -0.2441395 -0.5885654 
-0.439079 -0.2412768 -0.4966699 
-0.5168481 -0.2434465 -0.5111369 
-0.1006754 -0.2439827 -0.2990488 
0.5129786 -0.1846857 0.1739239 
0.06100337 -0.1722694 -0.1870448 
0.5404105 -0.1680481 -0.1554989 
0.1434978 -0.1728209 -0.5305578 
-0.2275339 -0.2444157 -0.0528429 
0.02603941 -0.2450329 0.07412259 
0.2248921 -0.2374972 -0.1563756 
0.4278406 0.01338838 0.2961808 
0.2030034 -0.2403397 -0.745182 
0.08219349 -0.2484115 -0.1238389 
0.02994149 -0.1831313 -0.1708729 
-0.5518737 -0.1698669 -0.4546241 
0.4349856 -0.1673539 0.094807 
0.1292999 -0.2390104 -0.6644672 
0.3714809 -0.2454549 -0.08123204 
-0.3472686 -0.2466112 -0.6448592 
0.2772658 -0.1853759 -0.5932296 
0.2039759 -0.226797 -0.5867541 
-0.1854705 -0.2486379 -0.1939867 
-0.5172054 -0.2468841 -0.6023353 
-0.1219028 -0.2438341 -0.0177202 
0.2876642 -0.2474149 -0.3139954 
0.4492244 -0.2425212 -0.7356665 
-0.3187951 -0.1754226 -0.64428 
-0.3544622 -0.168205 -0.7012138 
0.3642073 -0.2431397 -0.4190402 
-0.3402768 -0.2412938 -0.03128107 
-0.2620885 -0.2452298 -0.526171 
-0.1994853 -0.2268943 -0.6625155 
0.2092315 -0.2473583 -0.4968839 
-0.4954387 -0.2470294 -0.5604796 
0.4560891 -0.2480365 -0.6524832 
-0.1394306 -0.2260433 -0.172675 
-0.0180884 -0.2228241 -0.696472 
0.1598678 -0.2405564 -0.2015911 
-0.3883573 -0.1740901 -0.2463178 
-0.5025055 -0.1626424 0.1413056 
-0.6071254 -0.1925883 -0.5881237 
-0.6150163 -0.2202286 -0.009939046 
0.5953978 -0.2287519 -0.5250519 
-0.3263832 0.5893598 0.4361431 
0.5335554 -0.172532 0.08106532 
0.5750623 0.5180812 0.4102071 
0.2080329 -0.1778633 -0.1063812 
-0.5305714 -0.2457588 0.1235953 
-0.05786991 0.5603104 0.4733917 
0.4939591 -0.02732837 0.2426488 
-0.5789627 0.02428707 0.2378621 
-0.4644668 -0.1813599 -0.3433285 
-0.2550502 -0.1541947 0.1774751 
0.4771867 -0.1704347 0.08101984 
-0.3944308 -0.1802152 -0.4137673 
0.3360154 -0.1335474 0.1930113 
0.593751 0.1010546 0.2678563 
0.594578 0.005799594 0.2717913 
0.3570612 -0.1733193 0.07451624 
0.5938445 0.308166 0.3793482 
-0.5790656 0.4738561 0.3880587 
0.4972942 0.1425986 0.288855 
-0.3976311 0.6172926 0.4916867 
-0.2841493 -0.08980639 0.2137554 
0.5412264 -0.1287354 0.2498909 
-0.6099525 -0.2186827 -0.6069156 
-0.1578466 -0.194336 -0.4060956 
0.5193833 0.4372689 0.4344621 
-0.4884815 0.07183123 0.3155604 
0.4557196 0.1976826 0.3592963 
-0.4261133 -0.005978154 0.2479319 
0.01883969 0.04254587 0.2561689 
-0.2773981 0.4795645 0.4491087 
-0.5663062 -0.08061722 0.2641447 
-0.3824754 -0.1718682 -0.7576478 
0.1816202 -0.1729964 -0.4648235 
-0.3475023 0.5273659 0.4706985 
-0.5307487 -0.1282334 0.2485285 
-0.345257 -0.1830769 -0.7734309 
-0.1431019 0.171909 0.3012546 
-0.4629241 -0.1937061 -0.422661 
-0.5985985 -0.06289594 0.2440791 
-0.3334661 -0.1211889 0.2010326 
-0.1202471 -0.1781696 -0.4183575 
-0.5034948 -0.1592796 -0.7458773 
-0.5196925 -0.1753552 -0.1594249 
-0.1419281 0.6198947 0.4359154 
0.3358734 -0.1699224 0.1498195 
0.2732339 0.3921281 0.4250428 
-0.3960773 0.0713245 0.2661387 
0.2233538 0.5707356 0.4780979 
-0.2769835 0.2534644 0.3723508 
-0.03737012 0.4532296 0.4403842 
0.5992884 0.1317203 0.2957777 
-0.2617527 0.3628163 0.3647862 
0.5106004 -0.175641 -0.3011403 
-0.276172 0.1166593 0.3231551 
-0.1223476 -0.1919169 -0.0872495 
0.09838241 0.55568 0.4218977 
-0.4942167 -0.1702926 -0.1193838 
-0.02189304 0.5761974 0.4755133 
-0.2136116 0.5279002 0.4655896 
-0.3908423 -0.2329868 0.1658703 
0.5287828 -0.1728122 0.01122401 
0.4949135 -0.1707783 -0.4308547 
0.3430988 -0.1693681 -0.1695371 
0.3785787 -0.1722252 -0.09381687 
0.2291286 -0.1932429 -0.001381635 
0.4198371 -0.1699863 0.03602513 
-0.02740525 -0.1724559 -0.0976527 
-0.5575097 -0.1772552 -0.7857799 
0.5752401 0.306146 0.3416998 
-0.4686768 -0.1745324 -0.2854429 
-0.1148231 -0.2114698 0.2102896 
-0.5648024 -0.2125844 -0.7796208 
-0.5345856 0.5737717 0.4279866 
-0.1714547 -0.1260898 0.1979733 
-0.37396 -0.2283304 -0.7714713 
-0.1884544 0.6499467 0.4733783 
-0.4391643 0.4060526 0.3799371 
0.3598134 -0.2176052 -0.642519 
0.1317948 -0.2473337 -0.5459728 
-0.3746782 -0.1706074 -0.5078555 
0.1038379 0.322156 0.3521153 
0.4906922 0.5030453 0.4074257 
-0.03739574 -0.03831993 0.2772162 
0.1987242 -0.05015811 0.2273896 
-0.2248885 0.4414364 0.4105847 
-0.4463843 -0.05889327 0.2259407 
0.06760972 -0.2488015 -0.06669219 
0.1952241 0.2528567 0.3741353 
0.01754341 0.1142595 0.3431231 
0.1236921 -0.1698057 -0.7068151 
-0.02594507 -0.2548215 -0.5888972 
-0.05880912 -0.2393344 0.04690779 
0.08933999 -0.2486916 -0.3133872 
-0.6129291 -0.205293 -0.1053132 
0.03293396 -0.2411397 -0.1737329 
0.4277834 0.2273031 0.3197139 
0.1723195 0.1728514 0.3016193 
-0.06558197 -0.1727888 -0.5321494 
0.1323669 0.09110962 0.2717094 
-0.3404072 0.08438475 0.3160569 
0.441615 -0.2401585 -0.1285972 
0.5413844 -0.2448523 -0.1305052 
0.07491034 -0.2403855 -0.2007208 
-0.220817 -0.1336519 0.1964905 
0.02658011 -0.08081212 0.2655035 
-0.4954852 -0.2440936 -0.2432847 
-0.2911437 -0.16883 -0.1093113 
0.5333101 0.2309754 0.3690738 
-0.5166574 0.3100638 0.3930918 
0.1526749 -0.1717082 -0.2845914 
0.2474031 -0.186327 -0.7072797 
0.3514268 -0.2394778 -0.5729216 
0.3501887 0.3528485 0.4059828 
0.4067762 -0.2448903 -0.355946 
-0.1722766 -0.2486556 -0.3903612 
0.202165 0.08381455 0.3174833 
-0.4945364 0.0110102 0.2521487 
-0.1505584 -0.01754772 0.2855431 
0.2932502 0.09976508 0.2814991 
-0.3773713 -0.2342059 -0.5249398 
-0.4883392 -0.2523117 -0.6657775 
0.4555226 -0.1678691 -0.6094162 
0.3433414 0.2687311 0.3765802 
-0.5738636 -0.1717544 -0.5878975 
-0.06237444 0.3543386 0.4004475 
0.145786 -0.06486497 0.2663602 
-0.07881141 -0.1936196 -0.6322286 
-0.08042923 -0.2212419 -0.3747708 
0.4692886 -0.2415597 -0.1594541 
-0.4042944 -0.2481992 -0.2151412 
0.505335 -0.2436449 -0.4471166 
-0.2499787 -0.2395958 -0.4418845 
-0.5237486 -0.2446388 0.08816642 
0.08950304 -0.1725892 -0.4703547 
0.4420268 -0.1685734 -0.5601555 
-0.2559277 -0.2457227 0.02459025 
0.1823506 -0.1781724 -0.7564442 
0.325877 -0.1848054 -0.5690863 
0.5819875 0.1912058 0.3036033 
-0.1167401 -0.1896161 -0.3503804 
0.07534222 0.4899783 0.4056847 
-0.3862631 0.2942258 0.3758247 
-0.01906983 -0.05155779 0.2251033 
-0.6035944 -0.1111846 0.2198938 
0.4629941 0.4856619 0.4509562 
-0.5800253 0.550917 0.4201311 
0.2302969 0.2801385 0.335114 
0.3502869 0.3103808 0.392075 
-0.4883689 0.6371813 0.4527419 
-0.5027508 0.1823649 0.3520569 
-0.3754461 0.432902 0.3911495 
-0.1584194 -0.1731611 0.01720563 
0.2797617 0.1897002 0.3522121 
-0.4602322 0.4334924 0.389434 
0.06137193 0.4575564 0.443716 
-0.5750476 0.6055554 0.4754485 
-0.2849278 -0.214873 0.2155919 
0.0130838 -0.1760155 -0.7718656 
-0.3968638 -0.1122553 0.2053858 
0.4842884 -0.01872051 0.2376743 
0.2445575 0.08872342 0.31908 
0.08234926 0.2244082 0.3679554 
-0.3967447 0.4217113 0.4306131 
0.09311471 0.1028681 0.298774 
0.2234053 0.2316307 0.3230205 
0.5406014 0.479518 0.4486698 
-0.1641576 0.5462809 0.4487657 
-0.2911131 -0.02820315 0.2803539 
-0.4215179 0.2987773 0.3434875 
0.2226974 0.4745047 0.444969 
0.3928443 0.545235 0.4187257 
0.3841096 -0.1568366 0.169893 
0.06872635 -0.212026 0.2119981 
-0.1715299 -0.2150455 0.2131317 
-0.4530796 0.5549128 0.4259892 
-0.2271636 -0.2125002 -0.779592 
0.04718913 0.0832997 0.2718107 
0.6024106 -0.2025085 -0.1119974 
-0.03737036 0.004227718 0.2905291 
-0.01640166 0.5438811 0.4272965 
-0.6097664 -0.1853518 -0.08204833 
0.05998146 0.5499805 0.4215286 
0.0228461 0.2537482 0.3824602 
0.5822634 0.03284964 0.2927989 
0.1054567 -0.1273235 0.2413726 
-0.2762932 -0.1380884 0.2435555 
0.2094752 0.4393074 0.3886808 
0.5189577 0.3440911 0.3544152 
-0.3189428 0.4625339 0.4480991 
0.3503329 -0.1690323 0.2305152 
-0.4249679 -0.1819781 0.2309313 
-0.03849801 0.4697936 0.4017171 
0.3784836 0.3591426 0.3635972 
0.08844347 -0.1729611 -0.6679347 
0.2586506 0.1476233 0.3375073 
-0.123022 0.0874236 0.3137979 
0.441921 0.3848836 0.4174435 
0.03308594 0.02993345 0.3010297 
-0.417429 0.565983 0.4302269 
-0.2888487 -0.1949459 0.1114088 
-0.2773264 -0.1697573 -0.144407 
0.2297924 -0.2002987 0.2275386 
-0.3827174 -0.1717882 -0.1230506 
-0.09733854 -0.1827294 -0.6594973 
-0.3686343 0.4009725 0.4234284 
0.4749654 -0.1796223 -0.3576137 
-0.1078483 -0.2446521 0.1022974 
0.5263984 0.1830023 0.3517074 
0.2586331 -0.2452754 -0.5514992 
0.3645825 -0.247067 0.0817778 
0.2880203 -0.2033284 -0.738418 
0.5190746 -0.1393736 0.1910532 
0.540712 0.6052167 0.4865785 
0.420781 -0.06379937 0.2228469 
0.1444642 -0.2383258 0.02629999 
0.2618502 -0.2359693 -0.624601 
0.2515553 0.5661891 0.4303225 
0.4109661 -0.2506184 -0.05967659 
0.4796626 -0.03802639 0.2394394 
-0.2064296 -0.154514 0.2382358 
-0.1713555 -0.1692942 -0.4969821 
-0.08648347 -0.1704881 -0.1303316 
0.2183294 -0.2531132 -0.4222805 
-0.1011412 -0.2483403 -0.5529051 
0.2727551 -0.2458139 -0.257194 
-0.389064 -0.1765217 -0.6102116 
0.3784732 -0.2458285 -0.5532634 
0.441518 -0.1646199 -0.699659 
0.3868847 -0.1865562 -0.6150481 
-0.5729993 -0.1720031 -0.6378826 
-0.5307592 -0.2452266 -0.2572064 
-0.2361649 -0.2234014 -0.6441749 
-0.05859593 -0.24298 -0.3135748 
-0.1131815 0.4979939 0.4212183 
-0.072832 -0.1718203 -0.715892 
-0.0312502 -0.172491 -0.6992129 
-0.5520862 -0.2339478 -0.2860997 
-0.3462869 -0.1695209 0.1631536 
-0.2701197 -0.2433957 -0.1095158 
-0.2135591 -0.2455476 -0.109318 
0.5986904 0.3673423 0.3734661 
-0.09369145 -0.2435629 -0.7697538 
0.01900228 0.4971728 0.4094581 
0.01145533 -0.224065 0.1899721 
0.05472111 -0.177868 -0.5933748 
-0.1418301 -0.2396914 -0.06085331 
-0.05098478 -0.2444091 -0.2440814 
0.5335539 -0.2473447 -0.2572418 
-0.1625285 -0.1902049 -0.6166842 
0.08238652 -0.2397185 -0.6755503 
-0.5910248 -0.1778599 0.1262406 
0.2614292 -0.168663 -0.03724049 
-0.121016 -0.2294101 -0.2187076 
0.5243281 0.1288769 0.280742 
-0.1801317 -0.1713861 -0.6202097 
0.3086246 -0.1874142 -0.6244284 
0.524416 -0.1697851 -0.7213729 
0.5113056 -0.2523491 -0.743329 
0.4850041 -0.2511725 -0.5952595 
0.3928551 -0.2440534 -0.7220668 
-0.211077 -0.1750382 -0.6832471 
0.5282233 -0.1703893 -0.6766174 
0.4136814 -0.2453457 0.0317377 
-0.270003 -0.2461924 -0.2783961 
0.3713757 -0.1891108 -0.7065719 
-0.545032 -0.1737308 -0.6872875 
0.3846746 -0.1662074 -0.7387642 
0.1403324 -0.2370516 -0.01153491 
-0.429066 -0.2553559 -0.6627811 
-0.3615063 -0.1725953 -0.5745643 
-0.4672659 -0.2430168 -0.4544944 
0.5681588 -0.2410072 0.1020082 
0.3500555 -0.1622263 -0.5022767 
-0.4527403 -0.1755312 -0.6238928 
0.5406451 -0.2441353 -0.5180098 
-0.4458057 -0.2421903 -0.5676391 
-0.09377432 0.1525468 0.2948355 
0.3580738 -0.2413448 -0.1736488 
-0.5778906 -0.1765597 -0.7231678 
-0.5129208 -0.2380345 0.1856151 
0.09769548 -0.2447922 -0.2430965 
-0.1430812 -0.1677833 -0.7225404 
-0.1532278 -0.1745136 0.109938 
0.3159663 0.1906008 0.3483405 
-0.1925075 0.3423983 0.4038464 
0.2927861 -0.2139439 0.2117303 
0.2522716 0.3301694 0.4026735 
-0.04442821 -0.1725729 -0.581454 
-0.1431824 -0.2200502 -0.6417109 
0.2023018 -0.243517 -0.2431172 
0.1950874 -0.2480755 -0.4474654 
-0.4322793 -0.2459447 -0.729413 
0.4207546 -0.246904 -0.651825 
0.08244684 -0.2444194 -0.5250699 
0.3397593 0.00716027 0.2810603 
0.5334899 -0.006494448 0.2854485 
-0.3888204 -0.2299713 -0.3608284 
0.5493761 -0.1703893 -0.5198185 
0.4559873 -0.2494654 -0.02323083 
0.4064786 -0.2437894 -0.3909344 
-0.4502314 -0.2200728 -0.7783852 
-0.5424684 0.3379447 0.3508095 
0.4489511 -0.1691757 -0.1937373 
-0.3404521 -0.2303247 0.1994095 
0.5851997 0.4672772 0.4342981 
0.1959287 -0.2003087 0.2191535 
-0.3685731 -0.2475404 -0.6165983 
0.1881116 -0.2495572 -0.5248359 
-0.4179266 -0.1697685 -0.4826464 
-0.4663307 -0.1696858 -0.2511824 
0.6059137 -0.2183645 -0.4615972 
0.4904136 -0.1672903 0.1488812 
0.09165391 -0.1960998 -0.776983 
0.4488834 -0.247288 0.1023295 
0.569085 -0.2465775 -0.01787421 
-0.4077469 -0.2206902 -0.778307 
0.5693209 -0.1731609 -0.2586126 
0.2973832 0.626797 0.4498897 
0.2315233 -0.1685414 -0.2008667 
-0.5925843 -0.2030035 0.202913 
0.4488232 0.4500253 0.3895617 
0.5337597 0.2437092 0.3148343 
-0.2264389 -0.1649134 -0.4715117 
0.371103 0.0721577 0.3151204 
-0.247175 -0.1989334 0.09276016 
-0.09376945 0.4558339 0.3957376 
0.177268 -0.1738342 -0.3544198 
0.4278001 0.4160806 0.4276587 
-0.5966739 0.1968009 0.330683 
0.6064835 -0.1980585 0.06228224 
-0.4319085 0.2539247 0.3264916 
0.1604976 0.3948034 0.4147528 
-0.2130156 -0.2378565 0.1606005 
0.6029921 0.5279717 0.4367595 
-0.3748284 -0.1674023 -0.04579039 
-0.348635 -0.005808584 0.2433745 
-0.1008058 -0.1232378 0.250311 
-0.523757 0.3423403 0.4038263 
0.2478715 0.02286606 0.2705673 
0.5194784 -0.1707621 -0.4829022 
0.4839916 0.2867293 0.3366729 
-0.06901913 -0.1707149 0.0004114585 
0.4919119 -0.2306995 -0.7685175 
-0.2841223 0.173362 0.347136 
0.3643994 0.582939 0.4785027 
0.3156473 0.5324276 0.4228264 
-0.3615788 0.4858135 0.4075637 
0.2445555 0.4225817 0.3846481 
0.1584683 0.2835215 0.3392291 
-0.5166604 0.2525381 0.3752938 
-0.5161448 -0.1838863 -0.4538957 
0.07521221 0.3207533 0.396262 
0.5825476 0.02192836 0.2452588 
-0.3334093 0.4053997 0.426421 
0.137877 0.4982369 0.4476552 
-0.1463065 0.6312332 0.4814065 