0.267931 -0.1273748 -0.6554084 
-0.588703 0.6390463 0.4856044 
0.5690062 0.3570559 0.3586343 
-0.6035364 -0.2255608 -0.02142291 
0.1787481 -0.2299744 0.09780902 
-0.500356 -0.2362227 -0.709294 
0.03863115 0.6349484 0.4770111 
-0.3170665 0.142007 0.3134463 
0.5990452 -0.2162242 -0.2474238 
-0.1860193 -0.1658539 -0.3309343 
0.5885997 -0.1298838 0.2181367 
0.1891376 0.1458951 0.3213719 
-0.2339829 -0.202498 0.121479 
0.5774775 -0.2252059 -0.7645947 
-0.6282392 -0.00300866 0.2713372 
-0.1360037 -0.2696663 -0.7093069 
0.2203672 -0.241413 -0.262074 
-0.5957361 -0.1997575 -0.4168276 
0.4006986 0.6159546 0.4646504 
-0.2788721 0.4948688 0.4435445 
-0.558278 0.3092643 0.3869821 
0.3810679 -0.2479589 -0.007015375 
0.4506476 -0.2401279 -0.4969747 
-0.0275433 -0.02476824 0.2360721 
0.2858451 0.4458297 0.388685 
-0.01043142 0.3344891 0.4093979 
0.2940786 -0.07223756 0.2640541 
-0.2471853 -0.1550857 -0.09273477 
-0.05212868 -0.2460903 -0.04607411 
-0.370374 -0.1707065 -0.4687964 
0.03668758 -0.2336004 -0.412456 
-0.4746746 -0.2196001 0.2052235 
0.5207438 0.1098403 0.3235909 
-0.3876801 -0.02281765 0.2321651 
0.6136831 0.5169572 0.4366957 
-0.4614307 -0.2518569 -0.2845184 
0.01074688 -0.2206514 -0.7638806 
0.4352477 0.3031058 0.3778517 
0.375964 -0.1946567 -0.7689199 
0.2367946 -0.2099276 -0.0657927 
0.2158113 -0.1790726 -0.4314164 
0.004659549 -0.2073622 -0.2529841 
-0.05224256 -0.1605411 0.1436025 
-0.45257 0.1968353 0.3070747 
-0.3990045 0.6217035 0.4674904 
-0.04522916 0.1494194 0.3012993 
0.4314629 -0.1552956 -0.1908202 
-0.3192066 -0.2222962 -0.8018718 
-0.3643346 0.3550755 0.3593394 
-0.557937 -0.20261 -0.6266676 
-0.1263047 0.647916 0.4643635 
0.4528184 0.4833502 0.4508404 
0.1178815 -0.0867181 0.2102009 
0.4378641 -0.159485 0.2376595 
-0.4303982 0.4891599 0.4537002 
0.2085368 0.6237757 0.4764378 
0.5903084 -0.1670304 -0.4313577 
0.5967489 -0.1815988 -0.0383775 
-0.5937811 -0.1638223 -0.2241744 
-0.1499416 -0.1644926 -0.4980035 
-0.2530939 -0.1024386 0.254152 
-0.06548463 0.4976338 0.4519885 
-0.4447397 -0.210298 0.07642701 
0.157891 0.3529937 0.3548377 
-0.1665484 -0.2302682 -0.1572285 
-0.3037069 -0.2478246 -0.3700006 
0.531863 -0.2383908 0.136718 
0.5442089 -0.1686373 -0.6055611 
0.3147043 0.07883038 0.2735338 
-0.5857421 0.4712961 0.4091054 
-0.426948 -0.2451119 -0.629164 
0.3842431 -0.1781251 0.1310047 
0.08187947 -0.2441129 -0.08352658 
-0.5980344 -0.1973397 0.1046455 
-0.2517039 0.4151039 0.3817005 
-0.2160695 -0.1628692 -0.04267465 
0.3274381 -0.2347028 -0.4339283 
0.04146923 -0.1699871 -0.6448624 
0.1429323 0.5142679 0.4164391 
-0.1879585 0.07850516 0.2735041 
0.4523002 -0.01817537 0.239153 
0.3047558 -0.2526724 -0.5147105 
-0.4650738 -0.1534522 -0.1796122 
0.07393995 -0.186405 0.2182834 
-0.5725047 0.1813164 0.3169124 
0.08396673 -0.2344078 -0.3471354 
0.000571958 -0.1768557 0.05414446 
0.6041704 0.1729577 0.3252481 
0.5919714 0.04074164 0.2435898 
0.5891028 -0.2088359 -0.5719352 
-0.5191483 -0.2209745 -0.4747408 
-0.3837274 -0.1807584 0.2231739 
0.461153 -0.2231713 -0.1300521 
-0.1215143 0.1777062 0.3200835 
0.1520216 -0.2522672 -0.4750397 
-0.005804172 -0.1744022 -0.386117 
0.4877856 -0.2079538 -0.3240174 
-0.3217851 -0.1726104 -0.1952859 
-0.5382215 -0.06342475 0.267082 
0.2223329 -0.1497325 0.200195 
-0.2612537 -0.1819506 -0.5761053 
0.3340676 -0.2151629 -0.06612845 
0.2472882 0.2932981 0.3454462 
-0.08332828 -0.1579935 -0.1828998 
0.2745194 -0.2178795 -0.757234 
-0.4654139 -0.1801271 -0.3949709 
0.03608203 0.04124028 0.2605528 
-0.0913856 -0.1883405 -0.7334447 
0.3546088 0.5601339 0.4604119 
-0.2616109 0.04956537 0.3001283 
-0.06578868 -0.2522611 -0.5700175 
-0.1414676 -0.2433135 0.1109268 
-0.5736409 -0.1671474 -0.6926881 
0.07141842 -0.2422746 -0.7316189 
-0.06369695 -0.1777031 0.2350558 
0.5504149 0.6335489 0.489655 
0.4085732 0.133356 0.3271381 
-0.2642538 0.6196064 0.4868743 
-0.5229036 -0.2294613 -0.3518018 
-0.2758194 -0.2456455 -0.4694625 
-0.4940057 0.0353796 0.3047819 
-0.5082133 -0.1720984 0.0019358 
-0.1792278 -0.241971 -0.4304157 
-0.3343804 -0.1617588 0.03872702 
0.1703872 -0.166905 -0.1131053 
-0.478731 -0.172748 -0.5764512 
0.600891 0.4676854 0.4279343 
0.3977486 -0.1653264 -0.3920245 
0.3280532 0.3872047 0.3780674 
-0.3986901 0.2718551 0.3304865 
0.5042682 0.2820816 0.3414317 
-0.152291 0.4726232 0.3904875 
0.005359712 0.353921 0.4168473 
0.345864 -0.1804572 0.2292712 
0.4547272 -0.170422 0.1201987 
-0.455203 0.2386607 0.3144951 
-0.3683837 0.111714 0.2659848 
0.438736 -0.171216 -0.09519497 
0.5112534 0.3894539 0.4230409 
-0.0002776005 -0.2136155 -0.3315708 
-0.2113205 -0.1827814 -0.7230343 
-0.055363 -0.2581604 -0.6847814 
-0.1688154 0.2211451 0.3208914 
-0.5160745 0.600812 0.4351252 
-0.3603014 -0.2416317 -0.2057559 
0.208057 -0.1727135 -0.7312467 
0.3122696 -0.2121671 -0.02151598 
0.2412934 -0.1777966 -0.5748631 
0.4726796 -0.2165443 -0.6956953 
-0.4616533 -0.1248522 0.1915063 
0.1754578 -0.1665513 -0.3671815 
0.166422 -0.2038589 -0.01308979 
0.1383701 0.5828125 0.4795699 
0.2198907 0.05396319 0.3040389 
0.03684186 0.1534679 0.3424137 
-0.430049 -0.2482524 -0.08130949 
-0.4512081 -0.2447617 -0.678632 
-0.04023346 -0.2498961 -0.1266696 
-0.2187843 -0.2518862 -0.7642648 
-0.5999025 -0.2688323 -0.164504 
0.3403443 -0.1812018 -0.2642974 
-0.1198831 -0.1739085 0.008313243 
0.4510408 -0.2053223 -0.2691022 
-0.2770676 -0.24692 -0.02576616 
0.5164651 -0.1423796 0.2407892 
-0.5919091 -0.1637306 0.2066381 
0.5672063 -0.2281637 -0.3152356 
-0.5183046 0.4296513 0.4025813 
0.3956736 -0.1354178 0.1934985 
-0.3509624 0.4379228 0.4327989 
-0.4035643 -0.1715971 -0.726823 
-0.05206437 0.2294773 0.3433359 
0.4593038 0.5544421 0.4633553 
-0.3616435 -0.2368008 0.153309 
-0.3524697 0.5468068 0.4259495 
-0.5914355 -0.2084132 -0.5354547 
0.2669221 -0.1634642 -0.1618156 
0.03595191 -0.2434498 0.1207779 
0.1080386 -0.166957 -0.5153624 
-0.2007188 -0.1672251 -0.3722816 
0.5977364 -0.1752264 -0.1330348 
0.5434728 -0.1712109 -0.5150776 
0.3803906 -0.1670129 -0.5927724 
0.5602792 -0.2395052 0.02235786 
0.3369415 -0.245088 -0.6947778 
-0.03605831 0.6068454 0.47995 
0.2605433 -0.2376307 -0.3657974 
-0.5226399 -0.234921 0.03344134 
-0.5694217 0.5100662 0.4416803 
0.5377122 -0.1964777 0.2203884 
-0.08889771 -0.1692676 -0.02160932 
-0.2083888 -0.2016793 -0.2808621 
0.120699 -0.2503624 -0.2019257 
-0.02452955 -0.1688056 0.1072197 
-0.1528094 0.4804445 0.4513943 
0.1614968 0.3878507 0.3677113 
-0.02575764 -0.2139489 -0.05638414 
-0.2952654 -0.2419221 -0.6370456 
0.4555018 0.03718005 0.2578399 
-0.03879117 0.04204251 0.3098599 
0.01972977 -0.0417258 0.2312602 
-0.5642005 0.09247661 0.3168415 
0.2447204 0.5112079 0.4439173 
-0.1444024 -0.2442135 -0.2375437 
-0.3379768 -0.2000841 0.1924644 
0.261178 -0.2355872 -0.07969368 
-0.3829288 -0.2411579 -0.4036545 
-0.06102687 -0.2400811 -0.466285 
-0.1636499 -0.1536514 0.1711012 
-0.4847594 -0.2517649 -0.5604753 
-0.5947915 0.2590832 0.341584 
-0.37839 -0.2146246 -0.3582488 
-0.1894603 -0.2461532 -0.5549459 
0.3845735 -0.1757775 -0.6426458 
-0.2796348 0.3580767 0.3991121 
0.4969711 -0.2416169 -0.4142287 
0.3369466 0.1279726 0.3382782 
0.08073077 -0.1715156 -0.330195 
-0.1393811 -0.2026405 -0.6530603 
-0.06987514 0.4286944 0.3830543 
0.2572832 -0.06116445 0.269507 
-0.5233328 -0.1793092 -0.2886537 
0.4396805 -0.1417468 0.01143678 
0.4395108 -0.1709284 -0.365723 
0.3712804 -0.2190349 -0.2543721 
0.2970066 -0.2502723 -0.4994392 
0.5804157 -0.2192601 -0.7518568 
0.5639429 -0.2115304 -0.6433536 
-0.1336222 -0.01626474 0.2403775 
-0.172382 -0.170418 0.05369354 
0.2645967 -0.2364998 0.1600926 
0.171136 -0.2446929 -0.4336037 
-0.3744237 -0.1581963 0.01400807 
0.3748835 -0.2480272 0.1303906 
-0.5953283 -0.1788179 -0.1829784 
0.3677107 0.6043401 0.4731019 
0.4447712 -0.1431352 0.01064767 
-0.57949 -0.2255944 -0.754697 
-0.5865842 0.3672008 0.3709783 
-0.2029422 -0.1677516 -0.1770605 
-0.07612739 0.3393359 0.3595022 
-0.5632067 0.1956359 0.3546893 
0.02817625 0.5746495 0.4752631 
0.1440886 0.4627761 0.3900383 
0.08694556 -0.2416528 0.03453327 
-0.364838 -0.1125986 0.2473073 
-0.1487065 -0.2218467 0.204542 
0.339936 0.5003688 0.4182658 
0.4356475 -0.2450572 -0.6400803 
-0.2795334 -0.1761903 -0.5711767 
0.1516482 0.107899 0.3099397 
-0.4337746 -0.1744009 -0.2904824 
0.2596396 -0.1936958 0.0867141 
-0.3071945 -0.24485 -0.605391 
-0.5925778 -0.03144969 0.2355244 
-0.4146143 -0.07795923 0.2578691 
-0.2581181 -0.2482043 -0.134371 
-0.04980244 -0.2463886 0.007896012 
-0.1460088 -0.2392219 -0.06241146 
0.343244 0.2962583 0.3910861 
-0.5652457 0.4548239 0.4298533 
-0.01549129 -0.2046791 -0.4922025 
-0.1328491 0.380188 0.3974119 
0.361567 0.01120738 0.252198 
0.5819777 0.06537427 0.2503841 
0.04778078 -0.1768434 0.1157101 
-0.05400075 -0.1708862 -0.2587591 
0.5887191 -0.04101488 0.2660387 
0.2421335 -0.2434096 -0.6067073 
0.5753934 -0.1723213 -0.4882437 
0.4475501 -0.1670155 -0.4530271 
0.2402017 -0.166236 0.1031995 
-0.5131749 -0.1715248 -0.6554087 
-0.6195337 -0.187544 -0.2987735 
0.1248193 0.2180127 0.3709234 
-0.1119026 -0.1866494 0.06947909 
0.147372 -0.2110847 0.1848202 
0.06398993 -0.2498311 -0.595919 
0.274174 -0.1599791 -0.4107932 
0.2121809 -0.2414676 -0.702542 
0.5702428 -0.1853435 -0.6444517 
0.01180285 0.3228255 0.4073379 
0.1339784 -0.1796277 -0.04684271 
-0.1859768 0.1135759 0.2834778 
-0.5196548 -0.1716568 0.1362657 
-0.1067745 -0.2372152 -0.1473592 
-0.3683896 -0.2432755 -0.7837929 
0.5909867 -0.1843408 0.06345478 
0.1364031 -0.1765005 -0.6105762 
-0.4615043 -0.1598311 -0.4774837 
0.1545231 -0.1472468 0.1728288 
-0.3049197 -0.2439094 -0.1431684 
-0.2661601 -0.2442508 0.06265612 
0.1894267 -0.1718712 -0.2564379 
0.5819442 0.2449531 0.3319982 
0.3733167 0.04117105 0.2781967 
-0.4522347 -0.2472134 -0.2546109 
0.3695712 -0.1894686 -0.0428516 
0.02773298 -0.2373695 -0.3593567 
0.2815645 -0.2272488 -0.6966004 
0.3401109 -0.2451689 -0.4721024 
0.4718274 -0.1962448 -0.160822 
-0.4706485 -0.225159 -0.3585432 
0.08108218 -0.1958534 -0.4068167 
-0.3180755 -0.2006413 -0.4847537 
-0.1561308 -0.2330628 -0.3369398 
-0.09694202 0.1256124 0.3346261 
0.5758052 0.418427 0.3923895 
-0.5111694 -0.2429072 -0.472025 
0.1211955 -0.1907262 0.1044521 
-0.5565087 -0.2075718 -0.4354128 
-0.5539768 -0.1799664 0.01682516 
0.02245661 0.4867502 0.4460348 
0.4413677 -0.191085 -0.3515943 
-0.1881602 -0.2220307 -0.311924 
-0.224868 0.4204809 0.4323146 
-0.415633 -0.2268622 0.1838831 
0.4393472 0.5817567 0.4440801 
-0.5025488 0.5427727 0.4180496 
0.544014 -0.03426443 0.2006276 
-0.2528546 -0.2353841 -0.6989582 
0.5287224 -0.1654241 -0.2606443 
-0.3583238 0.1945975 0.3749475 
-0.2525382 -0.1662046 -0.7251137 
-0.01199377 0.2340542 0.3489955 
0.5821196 -0.04314725 0.272949 
0.568563 -0.2430979 -0.1840202 
-0.5117136 -0.2439124 -0.02276904 
-0.3785253 -0.2496633 -0.2848293 
0.05648474 -0.1700563 -0.7089946 
-0.4736625 -0.2495179 -0.608039 
-0.3658345 -0.2520028 -0.03467131 
0.4617345 -0.2542256 -0.1361731 
-0.4261124 -0.1441375 -0.1480702 
0.4184927 -0.1722766 0.1300906 
-0.2902658 0.6405328 0.4799451 
-0.5634068 -0.2347506 0.1519629 
-0.5213138 -0.1864357 -0.4345295 
0.5263761 -0.2357773 0.1441742 
-0.4432611 -0.2534446 0.1315608 
0.5873319 0.5251135 0.4118356 
0.2810859 -0.1710983 -0.03726893 
-0.1339939 -0.2356229 0.03179137 
0.3427719 -0.2082133 -0.7500766 
-0.6039138 -0.1893469 -0.6242971 
0.2691047 -0.1430494 0.1659207 
0.2967561 0.2850828 0.3437484 
-0.05146505 -0.2302913 -0.6702687 
0.2038953 -0.2140993 -0.2896681 
0.05288095 -0.2368809 0.1669234 
-0.5449495 0.08298665 0.3129897 
0.1615278 -0.2250906 -0.5399657 
0.5832152 -0.1881355 -0.3189043 
0.1447934 -0.1667484 -0.3969775 
0.6041745 -0.2080768 -0.4939348 
-0.146207 -0.157963 -0.3911469 
0.09806752 0.637326 0.4581865 
-0.4578734 0.1113969 0.2997978 
0.4830703 0.2462259 0.3116057 
0.4038813 -0.1367846 0.2433074 
0.5568647 0.1139936 0.3269309 
-0.5956447 -0.2701475 -0.2194313 
0.5414471 -0.2424024 -0.5410939 
0.3668956 -0.221168 -0.4853148 
0.3741702 -0.2493561 0.1299426 
-0.09147851 -0.2288233 -0.7903953 
-0.5337857 0.62905 0.4627909 
0.0877157 -0.1669581 -0.08935636 
-0.2362731 0.05845921 0.3000983 
0.5773911 -0.2328034 -0.1012731 
-0.451018 0.3158739 0.3925938 
-0.3290569 -0.1603372 -0.02071475 
0.2094828 -0.183244 -0.2630742 
-0.5527475 -0.004311745 0.232594 
0.4663668 -0.1693772 -0.6994942 
-0.3580343 0.192818 0.3643222 
-0.2274236 0.5194222 0.4126159 
-0.1119314 -0.2211328 -0.3652688 
-0.3687984 -0.2491857 -0.11122 
-0.1454882 -0.2129346 -0.6647867 
0.4475861 0.4504127 0.4012741 
0.04744868 -0.2510449 -0.6373935 
0.09040205 -0.09685465 0.2545956 
0.5072397 -0.2069549 -0.1151711 
-0.4568109 0.009079432 0.2417559 
0.3182358 -0.1643294 -0.2031075 
-0.4249768 0.6099116 0.4873452 
-0.2049619 -0.0323121 0.2862977 
-0.2286872 0.2519814 0.3336372 
0.3781782 0.3872315 0.4169994 
0.1593492 0.5313557 0.4303709 
0.2658521 -0.1677482 0.0396723 
0.193726 -0.1494604 -0.1006006 
-0.6010154 0.6216618 0.4458188 
-0.4167211 -0.1986427 -0.7680556 
-0.5755603 -0.1994326 -0.1907017 
0.2041453 0.0307936 0.2502413 
0.4921811 -0.2582743 0.07905024 
0.203076 -0.2469486 -0.1889123 
-0.47598 -0.2543468 -0.5804524 
0.06061326 -0.1710708 -0.6061909 
0.09342024 -0.3490559 -0.4375221 
-0.2347758 -0.2499279 -0.4125356 
-0.536622 0.304215 0.3347047 
-0.4513406 -0.1627834 0.2013649 
-0.2748635 -0.1774031 -0.5075058 
-0.3172776 -0.1992664 -0.6946203 
0.2486463 -0.2234834 -0.02841198 
-0.3113449 -0.1796999 -0.1839622 
-0.1145418 -0.1834845 0.0287059 
-0.5742838 -0.2386203 -0.6032013 
-0.2224294 -0.2434279 -0.5739132 
-0.3876234 -0.1638743 0.05024724 
-0.4279747 -0.1714008 -0.08112338 
-0.5772051 -0.02574699 0.2096502 
0.239382 0.2162028 0.3425328 
0.0127033 -0.1894434 -0.4315961 
-0.5539609 0.1470373 0.3344856 
-0.6000673 -0.2104805 0.03149783 
0.3700007 -0.193215 -0.7561012 
-0.1048595 -0.2165888 -0.1876266 
0.2743556 -0.2448475 -0.1709517 
-0.07282577 -0.1547581 0.2431946 
0.0574006 -0.1701826 -0.2665314 
-0.3274034 -0.2027669 0.2177442 
-0.3880599 -0.1737638 0.1590288 
0.0403805 0.09927829 0.3235362 
-0.5078692 -0.180256 -0.307404 
-0.335855 0.5839688 0.477202 
-0.3925323 0.02119214 0.2928374 
0.5506949 -0.1683668 -0.2137247 
0.5965745 0.5495667 0.4475149 
-0.4372218 0.4354366 0.374126 
-0.4304959 0.2447316 0.3687364 
0.01303012 -0.2708573 -0.1985946 
0.4764821 0.1856451 0.2988998 
-0.2901826 -0.2193778 -0.4616672 
-0.2224407 -0.1442661 0.2365029 
0.09272624 0.6098707 0.4397344 
0.2448804 -0.2057253 -0.7129277 
-0.04469697 -0.2150539 0.2078942 
0.1489788 -0.1741068 -0.6970422 
0.2532753 -0.001446115 0.2412377 
0.306846 -0.2371594 -0.410393 
-1.591351e-05 0.2389648 0.3441215 
0.395401 -0.238861 -0.7390894 
-0.3199459 -0.2429481 -0.246002 
0.2793204 -0.2165565 -0.5860355 
0.4112043 0.4413954 0.4171973 
-0.006781311 -0.1322397 0.1856341 
0.5181363 -0.1299697 0.2079578 
0.345129 -0.1637992 -0.3738797 
-0.3309798 -0.07165958 0.2236716 
0.4783882 0.5698237 0.4585138 
-0.02784614 0.6013263 0.4380783 
-0.3671811 -0.1757509 -0.6458633 
-0.5582644 -0.1183833 0.1856948 
0.1126049 -0.1722455 -0.5959582 
0.4548388 0.2431093 0.3673261 
-0.3804512 0.06508244 0.2594444 
0.5822245 0.2850255 0.3451968 
-0.09791629 -0.255113 -0.7604402 
-0.2561184 0.3497817 0.3972209 
0.2228581 0.6013876 0.482739 
-0.137244 0.175801 0.3475774 
0.5766587 0.6132659 0.4487728 
0.5846885 -0.1822769 0.1360118 
-0.4542837 -0.1671449 -0.7062213 
-0.2815774 -0.2112202 -0.7232988 
-0.1662497 -0.2511659 -0.4950639 
0.3584192 -0.2504476 -0.1570554 
0.5043784 -0.2461702 -0.4939897 
0.1692809 -0.2562504 -0.4764287 
-0.221719 0.640957 0.4746559 
0.5562916 -0.231013 -0.7606734 
-0.007690675 0.09378898 0.2814702 
0.06291213 -0.2334467 -0.7704757 
0.1672764 -0.1958296 -0.05808736 
0.3395452 -0.1633459 -0.1747582 
-0.1541699 -0.1945859 -0.6484504 
-0.3760113 -0.2543415 -0.7243973 
-0.5017362 -0.2422389 0.01758531 
-0.0925728 -0.2010303 -0.7403263 
0.3002449 -0.133962 -0.4870748 
0.4042875 -0.2449068 -0.0760814 
0.4407008 -0.1426203 0.01349701 
-0.3453591 0.5231265 0.4642712 
-0.5706525 -0.2267061 -0.003229301 
0.1607146 0.1571172 0.2971781 
-0.5922349 0.2280446 0.3438529 
0.5321246 0.0618128 0.2511753 
-0.583772 -0.1876134 -0.7529554 
0.08054094 -0.2165111 -0.06986454 
-0.2906468 -0.1756117 -0.5444623 
0.3244523 -0.2086336 -0.7673238 
-0.3196635 -0.1757409 0.1548161 
0.5062723 -0.1699855 -0.4091097 
0.3843687 0.5614868 0.4483529 
0.2685854 -0.2415529 0.1077472 
0.2867063 -0.2258151 -0.3068626 
-0.02009302 -0.1668848 -0.1308197 
0.194941 0.252778 0.3303216 
0.5484174 0.3647332 0.3620712 
-0.06563835 -0.2439725 0.09506569 
0.244238 0.1299167 0.288548 
0.605027 0.4937004 0.4256983 
-0.0002919033 0.01151901 0.2915166 
-0.2845483 0.5873982 0.4392391 
-0.4591922 0.63463 0.4631943 
0.117794 0.3477997 0.4041556 
0.4629845 0.5233119 0.4186692 
0.1811423 -0.08796971 0.2096128 
0.2315143 -0.1915412 -0.7700172 
0.4637742 -0.2155639 -0.768 
-0.2315784 -0.1756588 -0.2122558 
-0.516561 -0.1595837 0.2349349 
-0.2311114 0.5906311 0.467546 
-0.2814468 0.0820743 0.2714278 
0.453331 0.06990652 0.2673553 
0.3026085 0.4806839 0.4409235 
0.0682672 -0.09487882 0.2119645 
-0.1158021 0.6196424 0.482408 
-0.4462945 0.1901707 0.3529348 
-0.5483252 -0.1706463 -0.7193218 
-0.136097 -0.08910765 0.2121333 
-0.1077211 0.5343396 0.4182957 
0.0470247 -0.2437047 0.03177622 
-0.462061 -0.2213872 -0.1678333 
-0.4267844 -0.2224755 -0.3543637 
0.3351262 -0.1362571 0.2433397 
-0.3052635 0.4276852 0.3858615 
0.2049826 -0.1735892 -0.5365739 
0.5264186 -0.04311663 0.2750237 
-0.3894375 -0.172651 -0.5533066 
0.5419055 -0.1853501 -0.6798934 
0.4937071 -0.2284543 -0.6373815 
-0.01374076 -0.2437692 -0.547987 
0.1076934 -0.1963795 0.1361554 
-0.5152641 -0.2255848 -0.7569463 
-0.3447083 0.1681076 0.3161164 
0.2238892 -0.1625576 -0.3822031 
0.381018 0.1043219 0.3214479 
0.4862504 -0.1520354 0.1799507 
0.3991722 0.258442 0.3329475 
0.08384226 -0.1896992 -0.762729 
0.1739568 0.5704429 0.4339551 
0.2341195 -0.1744226 -0.302793 
-0.1957575 0.6185127 0.4532035 
-0.6091952 -0.2336535 -0.4132071 
-0.2707735 0.04809907 0.2607899 
-0.5724427 0.4144488 0.3830228 
0.140852 -0.1824887 0.1203938 
0.2662171 0.3425008 0.3608813 
-0.545698 0.4864445 0.4010243 
-0.4027443 0.4970761 0.4042395 
-0.05255461 0.6407213 0.4504074 
-0.008101186 0.2744531 0.3823123 
0.09651197 -0.006898888 0.2869554 
0.3781353 0.3305715 0.399738 
0.3860095 0.2789935 0.3510811 
-0.1220211 0.004188485 0.2905281 
0.1269668 0.4565346 0.4022793 
0.1998113 0.1206378 0.2873033 
-0.5938346 -0.2173202 -0.2753957 
-0.06037303 0.1721877 0.3028156 
0.3569711 0.03676528 0.297699 
0.3858202 -0.06515697 0.2266406 
-0.6050723 -0.2142642 -0.5770375 
-0.04442544 -0.1720487 -0.6166547 
-0.3626516 -0.1710678 -0.1749702 
0.5602303 -0.1721118 -0.5732646 
-0.1850757 -0.1789014 -0.1155733 
0.005331244 -0.1690267 -0.6945487 
-0.242868 -0.2462847 -0.08793139 
0.4329033 -0.1554122 -0.1840713 
-0.4251243 -0.2434216 -0.4614307 
-0.5375277 -0.174138 -0.5957211 
-0.21399 -0.2382724 0.06039231 
-0.2776499 -0.1882355 -0.6661971 
0.4494737 -0.1786869 -0.36927 
-0.571697 0.06025446 0.267254 
-0.5501909 0.5875953 0.4736417 
-0.1851445 -0.2398045 0.1415741 
-0.2033176 -0.2155653 0.2052178 
0.4936652 -0.2279475 0.1486171 
-0.04781007 -0.1731868 0.008378644 
-0.5982953 -0.1871897 -0.1886016 
0.1682434 -0.1711105 -0.4254789 
-0.1329866 -0.1756192 -0.003174558 
0.5986058 -0.210093 0.01756821 
0.5892973 -0.1701681 -0.389176 
-0.4881632 -0.1854205 -0.2099464 
-0.4541357 0.5897097 0.4334023 
-0.4991323 -0.2374929 -0.1741373 
0.5000633 -0.2507915 -0.184645 
-0.05558772 -0.225246 -0.3859701 
-0.0551944 -0.1569467 -0.2023925 
0.3217291 -0.1757624 -0.5952351 
0.5470604 -0.2424179 -0.04621563 
0.04000361 -0.2416661 -0.7319883 
-0.4892487 -0.2356219 0.06569834 
0.1526643 -0.2425077 0.06058667 
-0.4285407 -0.2473251 -0.6905826 
-0.4404883 -0.241772 0.1292326 
0.08595582 -0.2373739 -0.7554823 
0.01922631 0.6038086 0.480853 
0.2801064 -0.06949929 0.219062 
0.3950394 -0.1788472 0.2268593 
0.1969687 0.4031366 0.3745916 
-0.2418352 -0.0006954853 0.2448279 
0.4560678 -0.1719211 -0.5250701 
0.5844596 -0.2264213 -0.426154 
0.009774947 0.1808976 0.3116653 
0.5200303 -0.1721904 0.04558658 
0.1188079 -0.1821405 -0.3051226 
-0.3727629 0.3762551 0.4017343 
-0.225131 0.2329146 0.3347486 
0.3786505 -0.2488192 0.03752289 
-0.212146 -0.2124107 -0.009444548 
-0.1139388 -0.2450014 -0.6749958 
0.2498599 -0.2247818 -0.4588594 
-0.04562641 -0.186034 -0.3324125 
0.1153653 -0.2456411 -0.5139897 
-0.4455526 0.5333378 0.4678061 
0.5475196 -0.02093804 0.2128833 
0.5054424 0.490263 0.4507118 
0.4139925 -0.1680873 -0.03001624 
-0.06645419 -0.1718924 -0.07280125 
0.188697 -0.1815765 -0.01342502 
0.4482722 0.6065092 0.4738257 
0.2866096 0.564531 0.4340155 
-0.5357906 0.378774 0.4080076 
0.4473509 0.3083936 0.3788613 
-0.4883951 0.4554197 0.3935978 
-0.4820701 0.3388983 0.3526516 
0.2586541 -0.122066 0.2508655 
0.06253957 0.5109612 0.456565 
-0.1711662 -0.1436348 0.2408307 
0.01847567 -0.1652573 0.1484862 
0.4822408 -0.176879 -0.3113446 
0.3608715 -0.1608639 0.1716239 
0.09918894 0.6329648 0.4682513 
-0.2704327 -0.09642096 0.2098291 
0.5780548 0.06418682 0.2912524 
-0.09211019 -0.1787102 -0.2253977 
0.01322093 0.4817807 0.4200607 
-0.1643113 0.5005543 0.4573625 
-0.168118 -0.1872472 -0.7559412 
-0.0162278 0.3805787 0.3711299 
-0.1533378 0.4300275 0.3828058 
-0.3507955 -0.1753614 -0.3024683 
0.5545107 0.4235851 0.3891824 
0.3931002 0.5245966 0.4578238 
0.1953005 -0.00691533 0.2873435 
0.5599706 -0.1741504 -0.01132348 
0.2228371 -0.1515897 0.1538879 
0.08671446 0.5173233 0.4610644 
0.2201706 -0.212927 0.1991043 
0.5465105 -0.2350165 -0.356988 
0.5845945 -0.2006325 -0.6766359 
0.05048392 -0.2382397 -0.3376753 
-0.475776 -0.07818337 0.2146017 
0.4134794 -0.2416905 -0.546432 
-0.06565852 -0.01666137 0.2825216 
-0.1149539 -0.1703851 -0.4799401 
-0.1946271 -0.1689984 -0.05328591 
-0.1502062 -0.1598654 -0.3946422 
-0.5704281 -0.1821548 -0.05942427 
-0.2316645 -0.2404734 -0.2053301 
-0.5517719 0.2101735 0.3140234 
-0.122401 -0.2505762 -0.5257096 
-0.17399 0.6195776 0.4785552 
0.0854327 0.4413117 0.4061493 
0.1006468 -0.1680454 -0.1632692 
0.2866196 0.06707182 0.3129234 
-0.1246687 0.3842141 0.3835081 
0.4912844 0.1841544 0.3483655 
-0.3124749 0.1056091 0.3224995 
-0.3558179 -0.2279897 -0.8039613 
-0.2627411 -0.1651945 0.02879457 
-0.1738456 0.3099625 0.3813484 
-0.1645506 -0.1781539 -0.6368225 
0.1241048 -0.2447534 -0.1471478 
-0.002098494 -0.246477 -0.06724925 
-0.1082453 -0.1773731 -0.7125849 
0.5060323 -0.1929289 0.2189823 
0.04713558 -0.2478916 -0.1091179 
0.2228711 -0.2471313 -0.5322719 
0.5688778 -0.1731866 -0.2154504 
-0.3729876 -0.2186278 0.1986958 
0.2834696 0.4805022 0.4216948 
-0.4477801 0.1152478 0.293263 
0.2218704 -0.1814452 -0.7490081 
0.4138959 -0.1845547 -0.4699839 
0.441039 -0.2376049 -0.3913134 
0.3922592 -0.2454353 -0.6734954 
-0.5567216 -0.2262753 -0.4601195 
-0.3646513 -0.2306645 -0.5752249 
0.5439518 0.3213319 0.3859767 
0.5566043 -0.1666044 -0.4508311 
-0.2949409 -0.1732569 -0.3131762 
-0.4151843 -0.1209217 0.1972983 
0.1588093 0.2033166 0.3174904 
0.5276977 0.2154439 0.310281 
-0.3207192 -0.1336582 0.2424375 
-0.07516952 -0.1395378 0.1838833 
-0.07193767 0.4470879 0.4307138 
0.1952742 0.6082209 0.4854858 
0.5323807 0.5927626 0.4545878 
0.3563923 0.1688056 0.3002456 
-0.5096249 -0.172316 -0.07385961 
0.5713627 -0.1952098 -0.7532104 
0.1109021 -0.1718091 -0.5640959 
-0.5872941 -0.2114352 0.1784447 
0.3454433 -0.1803072 -0.2639811 
-0.390261 0.5162929 0.462765 
0.3803945 -0.2477677 0.1344296 
0.1668904 0.2750281 0.3725431 
0.5193452 0.1673203 0.2957078 
0.1770117 -0.2121318 -0.3331826 
-0.05163571 -0.2536733 -0.6313842 
0.5539821 -0.2427199 -0.2287314 
-0.07980908 -0.2402985 -0.1997741 
-0.5880595 0.1145137 0.2990321 
0.2090342 0.3072282 0.3460999 
0.03281556 -0.01031888 0.2412436 
-0.1994982 -0.03785015 0.2316096 
0.2295915 0.5051797 0.4181436 
-0.4391139 0.004390253 0.2907433 
-0.4466425 -0.169891 0.02396141 
-0.3055019 -0.2395298 0.1297919 
-0.3753455 -0.06950056 0.261088 
-0.3971824 0.07402339 0.3099338 
-0.2280217 0.2970304 0.3828601 
-0.2200758 0.3848883 0.4170359 
-0.1578841 0.0907656 0.3155408 
0.2137668 -0.1562394 -0.08434276 
-0.3982626 -0.1687097 -0.07798184 
-0.2836841 0.4434086 0.4365813 
-0.01156573 -0.1749516 -0.33231 
-0.4884275 0.2840107 0.3847256 
-0.5732548 -0.1903184 -0.4298872 
0.5872878 -0.05785452 0.2367447 
-0.4723817 -0.2009302 0.1229628 
0.2656652 0.2210913 0.3621181 
-0.06457306 0.2884203 0.3798873 
-0.02614756 -0.1746855 0.03280523 
0.4770181 -0.09977329 0.2070988 
-0.5178843 0.4801735 0.446366 
-0.3161246 -0.1837339 -0.730157 
0.3881918 -0.2367122 -0.2364241 
-0.03061279 -0.2136418 -0.3642446 
0.5728531 -0.2135622 0.1572124 
0.4142727 0.3514768 0.3687248 
-0.2985946 -0.2461134 -0.3064419 
-0.3712438 -0.2306161 -0.4721473 
-0.2202217 -0.2486799 -0.7234049 
-0.07969777 0.03112598 0.2572434 
0.06226938 -0.1755116 -0.4869779 
-0.292327 -0.2476662 0.01861944 
-0.4400209 -0.2321589 -0.2180434 
-0.07966387 -0.1717848 -0.5673569 
-0.411689 -0.2465104 -0.03861191 
0.003857739 -0.2618104 -0.2200643 
0.4696931 -0.2439678 -0.4419394 
0.2779121 -0.2368704 -0.6097649 
-0.3475556 -0.2452524 -0.3699627 
-0.4664912 -0.2493494 -0.5295957 
-0.141095 -0.2419992 -0.2988335 
-0.1793548 -0.2158373 0.01302881 
0.2139039 -0.2434778 -0.6668304 
0.2900281 -0.2289101 -0.7407957 
-0.1108115 -0.2271776 -0.119393 
-0.4955911 -0.04916095 0.2742183 
-0.2485175 0.4347442 0.3879944 
-0.4606164 -0.2319249 -0.7459105 
-0.5166574 0.6035639 0.4362199 
0.1590204 -0.1747397 0.2253554 
-0.3409178 -0.01565924 0.2782309 
-0.2673415 -0.2211033 -0.7796038 
-0.3254136 -0.1837062 -0.3731107 
0.253553 -0.1837526 -0.5582449 
-0.5120531 0.04538885 0.3062449 
0.01219373 -0.2369467 -0.7492993 
-0.4535109 -0.1593061 0.233876 
0.4913052 -0.1702344 -0.5814445 
-0.5855282 -0.2427493 -0.1015153 
-0.1292666 -0.2399141 0.141264 
0.446919 0.1124088 0.3219397 
-0.5023251 -0.2435214 -0.2783414 
0.009969227 -0.1933879 0.2167341 
-0.04340176 -0.1436003 0.2455508 
-0.1078931 0.1045107 0.2814836 
0.561213 -0.09366697 0.2525451 
0.4422641 -0.157333 -0.2052677 
-0.2554401 -0.1659925 0.1455286 
-0.06539139 -0.2480525 -0.5254582 
0.5664752 -0.2351256 -0.5388733 
0.1166575 0.1677893 0.3473583 
-0.4448251 0.4167678 0.413333 
-0.05738088 -0.1714149 0.1032574 
-0.01472926 0.2468122 0.337579 
0.3291058 -0.2468662 0.08031122 
-0.6089004 -0.238605 -0.195416 
-0.3472992 -0.2405062 0.0882875 
-0.001167871 0.4280716 0.4234267 
0.02513112 0.3702697 0.4118874 
0.0682283 0.1498503 0.2964905 
0.4277975 -0.02114948 0.2800105 
-0.3146146 0.1970924 0.3643773 
0.1812147 -0.070634 0.2666053 
0.09652844 -0.02640904 0.2351697 
0.5665094 0.1150837 0.3163311 
0.4740624 0.6117717 0.4772651 
-0.1662693 -0.1616429 -0.3582877 
0.5663519 0.5301448 0.4573546 
-0.5529355 0.3709844 0.3596657 
-0.5649452 -0.1929679 0.2085899 
-0.1066774 -0.1677248 -0.1434782 
0.08895052 0.2453808 0.3330678 
-0.5765852 0.5303604 0.4260494 
0.3001828 -0.174638 -0.09870444 
0.5236725 -0.1786498 0.1366226 
0.5520664 0.2736603 0.3443695 
-0.3875503 -0.1686697 -0.4495931 
-0.3995323 0.2174152 0.3164324 
0.4140733 -0.2479703 -0.1021011 
0.2671484 -0.1748196 -0.6738352 
0.3995471 -0.2316572 -0.3202257 
0.1314358 -0.2122405 0.09421603 
-0.2097003 0.4869924 0.4010949 
-0.5803161 0.3751246 0.3883772 
0.3894919 -0.1969741 -0.4505499 
0.07536642 -0.2434133 -0.03141063 
0.4914159 -0.2476929 -0.02463282 
0.261937 0.6198851 0.4709716 
0.5088571 -0.2454971 0.1225623 
-0.2312293 0.09857611 0.3060971 
0.2039662 -0.1301845 0.1803449 
-0.594108 -0.2270514 -0.4777649 
0.3573022 0.5391456 0.4244747 
0.5924404 -0.1892695 0.09452505 
-0.5764869 -0.03866403 0.2140762 
0.230346 0.1205052 0.3277896 
-0.3480273 0.6135575 0.4518254 
0.0184679 0.2208881 0.3635645 
-0.3774594 0.3866326 0.3686657 
0.4826998 0.0644106 0.3069216 
0.2787112 0.3646935 0.399589 
0.04655609 -0.1693747 -0.07061328 
0.5821508 -0.1873015 -0.7238448 
0.371977 0.6045184 0.452014 
-0.5892582 0.3119156 0.3683064 
0.1861044 -0.1788096 0.03629385 
0.5904195 -0.214975 -0.04458173 
-0.1043775 -0.1708532 -0.4940359 
-0.05842008 -0.08478527 0.2146807 
-0.4969433 -0.1890931 -0.5148504 
-0.0136302 -0.2073462 -0.4939108 
-0.3844354 -0.2450328 -0.1270286 
0.01081103 -0.2504568 -0.5951515 
0.4956403 -0.2248923 -0.3339763 
-0.1856496 -0.2406763 -0.6233415 
0.5440539 -0.2294528 -0.7299656 
-0.3198937 0.3469403 0.3970476 
-0.3892715 0.3327929 0.3528802 
-0.6075176 -0.2348205 -0.4158512 
-0.164672 0.1577071 0.3419763 
0.4296386 0.08222356 0.3094564 
0.2650768 0.492677 0.4476326 
-0.05145704 0.5499054 0.4246909 
-0.5480606 -0.1889886 -0.1338142 
0.09261635 -0.1696923 -0.3088523 
-0.5287166 -0.1863449 -0.3324624 
0.3042521 0.2733268 0.3778964 
-0.4805096 0.215839 0.3114386 
0.4635844 -0.1786373 -0.1009431 
0.08231291 -0.232588 0.1461878 
0.01100316 -0.237096 0.1535572 
-0.1289411 0.1521701 0.2958995 
-0.04530796 0.1207393 0.2872319 
0.1770065 0.4577706 0.4020536 
0.3072514 -0.02688407 0.2381637 
0.4983153 -0.0002660906 0.2877056 
0.3988282 0.4451944 0.4088193 
-0.4054105 -0.07377355 0.2164595 
-0.1865746 -0.1711891 0.1068854 
-0.09449138 -0.2295277 0.1782558 
0.5926367 -0.1763804 -0.1630463 
-0.5833337 0.4817281 0.4363284 
0.3582212 -0.1646649 -0.3332678 
-0.1111136 0.3492549 0.3985296 
-0.353332 0.2942514 0.385217 
0.1811454 0.3695729 0.4078913 
-0.537742 0.4279913 0.4158261 
-0.493931 0.119812 0.314856 
0.3509568 0.3352556 0.3619112 
0.1153128 0.4019979 0.377955 
-0.2510247 -0.03892089 0.2786454 
0.1583209 -0.2128815 0.1591979 
-0.564312 -0.1363342 0.2361543 
0.3285484 -0.1848493 -0.7639136 
0.2092678 0.2159915 0.3601436 
-0.2652321 0.221236 0.3629726 
0.3424177 -0.19445 -0.01875361 
-0.3122065 0.5447073 0.4239431 
0.01474098 0.4888884 0.4104757 
-0.5921378 -0.2146221 -0.7389927 
-0.04429255 0.3166362 0.3504159 
-0.02966591 0.2000635 0.3498754 
0.3847689 -0.1218981 0.2460353 
0.1264923 0.07387491 0.2876592 
0.587991 -0.2116933 -0.6266661 
-0.1985098 0.5601614 0.4730429 
-0.2908946 0.2432884 0.3355593 
-0.04443699 -0.1791422 0.1664352 
-0.4760756 -0.1820903 -0.4306067 
-0.6061911 -0.2082164 -0.642959 
-0.1925295 -0.08909287 0.2119831 
0.0275152 0.6112942 0.4479364 
0.1725481 -0.1674533 -0.1647587 
-0.2418805 0.4903447 0.4544052 
0.09620377 0.2971212 0.3843775 
0.1430104 0.6075907 0.4528542 
-0.5624932 -0.2286409 -0.7353804 
-0.159648 0.4127152 0.4208753 
0.4902284 0.4298498 0.3941953 
-0.07202841 0.4975911 0.4063927 
0.2569455 0.5648322 0.4558139 
0.2513919 0.2958951 0.3856565 
-0.3244486 -0.06368852 0.2591231 
-0.5580713 0.1536891 0.3028429 
-0.2286456 0.04927848 0.2629932 
0.08369804 0.07588674 0.3035887 
-0.4679539 0.03350232 0.2543676 
-0.09381434 0.5706887 0.4777054 
-0.589801 -0.02001165 0.2274771 
-0.2124272 0.6069381 0.4613795 
0.151176 -0.1965382 0.1504575 
0.4191621 -0.1715604 -0.6160562 
-0.009228392 -0.2436914 0.08808236 
-0.30479 -0.2506504 -0.09601893 
0.3926797 -0.2457906 -0.5955207 
-0.2417237 -0.2431549 -0.3000177 
-0.09776134 -0.2462018 -0.62599 
0.440574 -0.2323987 -0.6932235 
-0.4700071 -0.2214422 -0.404718 
0.2872165 -0.2419229 -0.2145921 
0.2236291 -0.2329279 -0.03010014 
0.3222685 -0.1819535 -0.4150101 
-0.4321081 0.6233413 0.4820156 
0.4070681 0.07786742 0.2699994 
-0.4179918 -0.04178979 0.2717821 
0.5470574 -0.1685934 0.2298674 
-0.5382743 -0.02172359 0.2807081 
0.06979802 0.450258 0.4219316 
0.3574787 -0.1067252 0.2083561 
0.3903703 0.163837 0.3326924 
0.5968649 -0.1849782 -0.08460633 
0.2799482 -0.1655463 -0.2174236 
0.2892045 -0.1610312 0.1411883 
-0.5903232 0.01585589 0.2812578 
-0.5673617 -0.2337454 -0.02631752 
-0.530629 -0.1759905 0.0951625 
-0.4281051 -0.2473926 -0.5947217 
-0.5301473 -0.2429142 -0.6374281 
0.5537702 -0.2277735 -0.6004863 
0.3357512 -0.2378777 -0.3210098 
0.3051489 -0.2303704 -0.5360551 
-0.38868 -0.2441942 -0.2551513 
-0.0006626258 -0.1747698 -0.583236 
0.336387 -0.2447589 -0.06677249 
-0.2854706 -0.1782514 -0.3947901 
-0.0448547 -0.2482294 -0.09389442 
0.2156174 -0.1721088 -0.6784555 
-0.3223804 -0.2096716 -0.6823325 
0.5741817 0.4110614 0.4039506 
-0.03073213 0.01841865 0.2551452 
0.1458312 0.004298307 0.2903625 
0.4560568 -0.1824584 0.2223112 
0.4565834 -0.2194686 0.1716104 
0.1862484 -0.1666692 -0.15267 
0.0832936 0.6064482 0.4808961 
0.08965058 -0.1334172 0.1860398 
-0.1080649 0.4955422 0.4546228 
0.294086 -0.1650555 0.2350366 
0.04090144 0.4049783 0.4058898 
-0.4809741 0.236616 0.3694811 
0.469238 0.3415863 0.3638929 
-0.4076248 0.3593034 0.3869428 
-0.3364885 -0.1653979 -0.04354833 
0.2451187 0.1051192 0.2809203 
0.3220897 0.1372465 0.2905905 
-0.1430219 -0.08126367 0.2651201 
-0.451931 0.5096157 0.4084924 
0.003835356 -0.03753497 0.2769426 
-0.3120587 0.3811727 0.368687 
-0.4853934 0.3511048 0.4026191 
0.3515712 0.4124187 0.4222754 
0.3766415 0.2759781 0.3820812 
0.5873911 -0.1546196 0.1979578 
-0.5178432 0.05627384 0.2708084 
-0.3221026 0.2993804 0.3471266 
0.1687989 0.5200007 0.4171353 
-0.4035012 0.5968045 0.4395123 
0.4866632 -0.1734503 -0.3894884 
-0.214583 -0.1712647 -0.2600729 
-0.07878818 0.6452537 0.4568075 
0.2148593 0.6276179 0.4693564 
0.4325679 0.2428506 0.3226388 
-0.1784111 0.01989091 0.2531044 
-0.3907185 0.1855333 0.3058256 
0.3992467 -0.1684443 0.08220634 
-0.1924101 0.2533885 0.3283644 
0.4893111 -0.2589968 0.05552556 
-0.4742928 -0.1706864 -0.6523934 
-0.106146 -0.238148 -0.05308666 
-0.1724266 -0.2680499 -0.7379765 
-0.2067063 -0.2446765 -0.5315524 
-0.1535661 -0.1943329 -0.64505 
-0.3828251 -0.1706988 -0.6661208 
-0.2418327 -0.2455019 -0.3561136 
-0.5648721 -0.1879747 -0.5502547 
-0.2373008 -0.2429679 -0.2357507 
0.4496151 -0.2332303 -0.2813405 
0.4529063 -0.1692562 0.1320368 
-0.2832177 -0.2466478 -0.4141493 
-0.4203565 -0.1918746 -0.177925 
0.04720546 -0.0009978638 0.2898389 
-0.1713058 -0.2452754 -0.433432 
0.3097283 0.6081592 0.4734076 
-0.07123551 0.3894337 0.3826888 
0.5884269 -0.2171739 0.05454696 
-0.2104567 -0.1673843 0.05107867 
0.2092801 -0.1178193 0.2504191 
-0.5641614 0.5922685 0.4365535 
0.3359378 0.4451277 0.4014312 
-0.2277085 -0.2407018 0.1160411 
-0.1423597 -0.1433566 0.1812314 
-0.3896611 -0.001431493 0.2860387 
0.3204567 0.4873627 0.4495093 
0.4878022 0.1002368 0.2764534 
-0.257826 -0.1930724 -0.4208841 
0.06229795 -0.232593 -0.4159906 
0.5015965 0.410468 0.4147839 
0.546629 -0.2456521 -0.09513392 
0.1652812 -0.2352155 -0.2494467 
-0.05303176 0.6369041 0.4491006 
0.4331993 0.3103 0.3871298 
0.14341 0.3548991 0.358881 
-0.04926638 0.2397997 0.3344471 
0.08406974 0.5142841 0.4600493 
0.3078342 0.04607784 0.2601176 
0.5573825 -0.1732911 -0.3462145 
-0.5073776 -0.2391331 -0.3354467 
0.5436701 -0.2445883 0.06929538 
-0.1712691 -0.1676042 -0.5330269 
-0.05896679 -0.2441772 0.00332632 
0.4842861 -0.08527761 0.2604841 
0.1740655 -0.2452893 -0.6026471 
0.576449 0.6156418 0.4908241 
-0.4107766 -0.1717354 -0.2781421 
0.3495687 0.159021 0.3395542 
-0.2765128 0.2963955 0.3867519 
-0.4725206 0.1012768 0.299375 
-0.2753516 -0.1902107 -0.7571915 
-0.5854529 -0.1744695 -0.6772548 
0.2934385 0.3406674 0.3919376 
0.4493665 0.403632 0.3851647 
0.4724535 0.6091895 0.4772965 
0.02081284 0.5211831 0.462742 
-0.07521255 0.2168741 0.3431011 
-0.4387689 -0.1619136 0.1684378 
-0.3605206 -0.1559446 0.1785137 
-0.5606664 -0.204099 0.00658168 
0.4150946 -0.1773873 -0.7363566 
-0.3502034 0.07616097 0.264414 
0.596411 -0.1794218 -0.5330087 
-0.2926185 -0.05987894 0.2235388 
0.058536 0.1793885 0.3528505 
0.427459 -0.1486269 0.2400013 
0.107578 0.2686388 0.3509859 
0.1967445 0.3599338 0.36088 
0.2093594 -0.02594591 0.2333389 
0.5828074 0.2502375 0.3186389 
0.5691048 -0.2326576 -0.7674463 
0.3239761 0.4857337 0.4489805 
0.3198975 0.09369773 0.3223793 
-0.5894604 -0.2258835 -0.5416791 
0.03957087 -0.1393071 0.2403779 
-0.1862625 0.1998097 0.3142501 
0.0418999 0.3024992 0.3941483 
0.5072929 0.4254472 0.398649 
-0.06230981 -0.2037378 -0.3768536 
-0.01803358 0.08690412 0.3198656 
0.1722269 -0.1814254 -0.03919759 
-0.3432879 0.4606334 0.3954975 
-0.5500848 -0.1818298 0.01919892 
-0.05331844 -0.2205822 -0.7665442 
0.4414255 0.5353167 0.4632559 
0.1426575 -0.1753559 -0.4214558 
-0.107542 0.2654927 0.3640755 
0.4557217 -0.1644903 -0.04356769 
-0.410728 0.4540451 0.4386404 
-0.2910334 0.5166536 0.4609772 
-0.3681719 0.5646741 0.4760673 
-0.1246335 -0.1710612 -0.2124807 
0.4070225 0.1690325 0.3319436 
0.1034414 -0.1701484 -0.2288349 
-0.1289257 0.5764957 0.4343091 
0.2363763 -0.1015403 0.2013723 
0.5682732 0.5532284 0.4294269 
0.116763 -0.101635 0.2073547 
0.4488877 -0.1683469 0.01053589 
0.01204006 -0.1739016 -0.004086806 
-0.6022626 -0.2049367 -0.05282853 
-0.5771536 0.1439959 0.3138156 
-0.5584075 -0.1445282 0.154197 
-0.2285311 -0.1606424 -0.1206375 
-0.2923393 -0.1708457 0.2318464 
0.3264833 -0.1947511 -0.5021202 
-0.1667399 -0.2388144 -0.2585771 
-0.2583902 -0.1794112 -0.5733629 
-0.4595821 -0.2459596 -0.03935267 
-0.1090268 -0.2458283 0.06653063 
-0.3344348 -0.2455623 -0.6106921 
0.2558638 -0.2317073 -0.7205973 
0.3502813 -0.2451405 -0.4524851 
0.0470583 -0.168328 -0.6728437 
-0.5654958 -0.2426626 -0.07187252 
-0.3405894 -0.2464 -0.1443966 
0.3768318 -0.2398887 -0.2226625 
-0.299412 -0.1898781 -0.4690132 
0.3562661 -0.1734128 -0.6360853 
0.2885847 -0.2451761 0.1130049 
0.3151759 -0.239501 -0.3627712 
-0.3101486 -0.2434985 -0.1859808 
-0.574905 0.2687922 0.3676812 
-0.595732 -0.2087262 -0.130981 
-0.5776559 0.5789526 0.4589536 
0.3724941 0.6153077 0.4649073 
0.2106014 -0.2452754 0.05770444 
0.4487076 -0.1687866 -0.659461 
0.1879231 0.1490779 0.299567 
0.1761709 0.1213421 0.3239319 
0.1321937 -0.1877794 -0.0577109 
-0.5914734 -0.09752942 0.240305 
-0.2987612 -0.2297504 0.1780587 
-0.6079972 -0.2255144 -0.152392 
-0.3669774 -0.1815452 0.09211653 
-0.5985945 -0.1835794 -0.3249443 
-0.1889186 0.3561904 0.3788315 
-0.1039285 0.04456444 0.3060561 
0.4626483 -0.0584 0.2228221 
0.1529429 0.3168565 0.3938558 
-0.3573688 0.1934925 0.36379 
0.1820126 0.4492328 0.4224847 
0.587992 -0.2056217 -0.3058634 
-0.1207606 0.3975065 0.4046469 
-0.01416949 0.05565501 0.281871 
0.07431198 0.100588 0.2866239 
0.392753 -0.2067279 0.2001924 
0.4440101 -0.1681147 0.1368239 
-0.5580298 -0.2288172 0.1700329 
-0.50224 0.5032786 0.4074705 
0.1280115 0.2542416 0.3474921 
0.04014546 -0.1818653 0.1269498 
0.4474676 0.1671884 0.3365362 
0.1449879 -0.1882492 0.08326715 
-0.4955389 0.5220202 0.4628362 
0.3088389 -0.1040171 0.2051944 
-0.165541 -0.1663139 0.1501637 
0.007288048 -0.09761214 0.2502297 
-0.1906814 0.3605486 0.3802781 
-0.5971878 -0.2323168 -0.4397519 
0.5538582 -0.2380552 -0.4482762 
-0.1853049 -0.185312 0.2247312 
0.4911527 0.2382131 0.3650946 
-0.567241 -0.2073285 -0.4712738 
0.5959841 0.5822611 0.474288 
0.2572657 -0.1918392 -0.7605426 
-0.1944605 -0.207582 -0.7832299 
0.2792542 -0.2062383 -0.461914 
-0.5154095 0.239856 0.3142611 
0.5078214 0.5516017 0.4348397 
0.4231236 0.6087102 0.4563278 
0.5967331 -0.1812149 -0.5272828 
0.3815251 0.2193893 0.3580386 
-0.3908235 -0.1870986 -0.3757509 
0.5938932 0.1901646 0.3325337 
0.08816576 -0.1801124 -0.3681168 
-0.4829337 -0.1996669 0.2185884 
-0.363396 0.1672609 0.3025371 
0.1599902 -0.112423 0.2510713 
0.5868624 -0.001110828 0.2477567 
-0.1931962 0.2041986 0.3532271 
-0.2598809 0.1224306 0.2846655 
-0.3120431 0.05212114 0.3050888 
0.08130326 -0.1799949 0.05666949 
-0.3678911 0.02641864 0.2498937 
0.4701914 0.4375844 0.4336594 
0.01209753 0.4849192 0.4091567 
0.5210992 0.1922913 0.3033231 
0.3785464 -0.005953284 0.2843964 
0.2092429 0.05918494 0.2632753 
-0.5516202 0.5290108 0.4158088 
0.365346 -0.1776805 0.1206749 
0.5595348 -0.03246023 0.2168481 
-0.1414469 -0.2186485 -0.792348 
-0.3849927 0.2435245 0.3279389 
0.4923882 -0.1998624 -0.7528728 
-0.287457 -0.2299441 -0.5775559 
-0.2112363 -0.1707282 -0.7351686 
0.2258816 -0.2344055 -0.3312941 
-0.1677977 -0.2153392 -0.09519613 
0.0366623 -0.1799575 -0.3412288 
-0.5708025 0.6181246 0.4575986 
-0.2487643 -0.2061009 0.2102852 
-0.2265537 0.3434809 0.3995515 
-0.2124569 0.2226325 0.346892 
0.4569734 0.4805378 0.4112028 
0.1244647 0.3908587 0.4132955 
0.4630624 -0.2463365 -0.2150925 
-0.160306 0.2695793 0.3630061 
-0.01782971 -0.2490194 -0.1989549 
-0.1478426 0.5225488 0.411344 
-0.3167806 -0.1955206 -0.5496161 
0.5533481 0.2060629 0.3483446 
-0.1499673 0.354604 0.3888284 
0.32234 -0.2434796 -0.678323 
0.2691791 -0.2452754 0.04582113 
0.4631554 -0.1720213 -0.4691778 
0.07536358 -0.2366836 0.06682993 
0.1836853 -0.2296846 -0.1266356 
-0.01617421 -0.1704267 -0.6518422 
-0.5576255 -0.2331256 0.09649046 
-0.5692487 -0.2136149 -0.3689159 
-0.2558148 0.5495371 0.4263557 
-0.2088452 0.08621795 0.302334 
0.02545046 -0.1265851 0.198615 
0.567659 -0.005446651 0.2826145 
0.07569663 0.140754 0.337077 
-0.334127 -0.1770713 -0.1743899 
-0.6004598 -0.2126489 -0.2267255 
0.5625061 0.363918 0.3958663 
-0.5392814 -0.1260904 0.1880157 
0.02537172 0.1162201 0.2850923 
0.4070027 0.5667083 0.4722215 
0.2727863 0.2270627 0.320955 
-0.5021923 -0.04000679 0.224723 
0.3980089 -0.05820141 0.2648259 
0.5769894 0.3879111 0.3747606 
0.2731831 -0.0358032 0.275802 
0.2371286 0.3856248 0.4122483 
-0.06705525 0.2282609 0.3360631 
-0.01493109 -0.1728566 0.07895795 
-0.03540271 -0.0760574 0.2627355 
0.2974983 -0.09873218 0.2553632 
-0.1351324 0.4484138 0.4351021 
0.1250271 0.01548459 0.2507158 
0.4276263 -0.02673569 0.2365142 
0.420552 -0.1554122 -0.182302 
-0.4729552 -0.1640801 -0.5117388 
0.5374806 -0.1705716 -0.6638285 
-0.5915315 0.3270617 0.3602449 
0.2513154 -0.2412292 -0.2920027 
0.1424434 -0.2146765 -0.318452 
0.4220536 -0.2467503 -0.02434886 
0.335157 -0.03281993 0.2701524 
-0.50249 -0.2346448 -0.4062444 
0.2620759 -0.2204954 -0.7073045 
0.1108106 -0.2480693 -0.5817738 
-0.2134985 -0.2501157 -0.4497829 
-0.4817015 -0.2437471 -0.101959 
0.3290462 0.2424323 0.3280953 
-0.009523303 -0.2539401 -0.6517429 
0.07538586 0.01550084 0.2504799 
-0.5735899 0.1017493 0.2841597 
0.5691581 -0.177582 0.09733718 
-0.4035352 0.5348642 0.4182307 
0.004729366 0.3060788 0.3492987 
-0.4438285 0.1526723 0.3334641 
-0.5843772 -0.1858313 -0.2521858 
-0.571865 0.2497223 0.3236623 
-0.5365699 0.6245778 0.4693505 
0.08331896 -0.2161501 -0.3965405 
-0.3210803 -0.1776952 -0.4273106 
0.524054 -0.1692513 -0.2160405 
-0.0970967 -0.1746987 -0.04021722 
0.5943443 -0.1872093 -0.004984322 
-0.488497 -0.1274972 0.2466121 
0.2322934 -0.2384553 0.1301244 
0.1886499 0.6191476 0.459208 
-0.043383 0.4124757 0.4200698 
0.004905084 0.173059 0.348185 
0.3130168 -0.2252139 0.188349 
0.5645244 0.04344362 0.2387248 
-0.08670766 -0.05270224 0.226466 
-0.01347653 -0.1814996 -0.2545939 
-0.4963114 0.08799831 0.3047935 
0.3073673 -0.1672205 -0.324912 
0.5347044 0.07906678 0.3109193 
-0.05797257 0.1521964 0.3401165 
-0.3379529 0.6221023 0.4664597 
0.1770378 -0.1757878 -0.2814451 
0.05430233 -0.04756719 0.2279169 
-0.4548979 -0.18877 0.07783296 
0.002484762 0.6339505 0.469392 
-0.5842671 -0.2058664 -0.3382519 
-0.09021789 0.4125133 0.411972 
0.1333559 0.1097167 0.3078482 
-0.3258557 -0.1701705 -0.07927886 
0.3783872 -0.1638067 -0.2237224 
-0.2916604 -0.1729504 0.08767083 
0.5053357 0.3022657 0.384481 
-0.4785445 0.1359987 0.3098397 
-0.4175089 0.3504125 0.358047 
0.01635221 -0.1708245 -0.4177372 
0.292113 0.6140431 0.4744653 
-0.452595 0.576579 0.4789092 
-0.5904017 -0.1361483 0.1981054 
0.394667 0.4373143 0.4027581 
-0.623939 0.01071827 0.2715057 
-0.3122181 0.4970571 0.4098255 
-0.1078497 -0.04943716 0.2734953 
0.2590186 -0.2113446 0.2100051 
0.1743105 0.5654218 0.4751498 
0.5351049 -0.2051542 0.2057957 
0.3215859 -0.1744846 0.06322104 
-0.537938 -0.1866093 -0.33134 
-0.5758085 0.1812895 0.3433293 
0.2222166 0.1051777 0.2878307 
0.02820179 -0.1800121 -0.7451758 
-0.4888118 0.4024761 0.4151634 
0.5799741 0.3309156 0.3568726 
0.134004 -0.1668746 -0.1359927 
0.1349911 -0.2099446 0.1438001 
0.2164875 0.5494209 0.4268645 
-0.3545337 -0.1683469 0.01063315 
-0.1928791 -0.1723387 -0.3001684 
-0.1572039 0.1165122 0.2828492 
0.1197225 0.0531013 0.3037224 
-0.1351762 -0.1862935 0.2279572 
0.2739073 0.1099743 0.3285381 
0.3696129 0.119337 0.2837852 
-0.2392749 -0.1774152 -0.2583148 
0.1602239 -0.1948477 -0.3846968 
-0.39197 -0.1945341 -0.3178547 
0.1808805 0.0044573 0.2437636 
-0.4843879 -0.2149991 -0.7645406 
-0.2210812 -0.2297131 -0.2633929 
0.2739631 -0.244385 -0.003257643 
0.485348 -0.2589968 0.0572883 
0.4023525 -0.2371283 -0.4761527 
0.1277658 -0.2329355 -0.05266922 
0.2374548 -0.2451688 -0.1939403 
0.1395747 -0.2254611 -0.09604147 
0.5470855 -0.1726316 -0.3041671 
-0.3964727 -0.2413584 0.01038976 
0.2140158 -0.1730005 -0.7070735 
-0.1073291 -0.2448123 -0.4775864 
0.4825911 -0.2168759 -0.351934 
0.03134904 -0.2316515 -0.5382965 
-0.4664624 -0.1681571 -0.03188404 
0.07512048 -0.1698897 -0.6377974 
-0.2614368 0.6349701 0.4789478 
-0.366163 0.2409994 0.3404484 
0.4336416 -0.09879305 0.2133718 
-0.4321593 -0.1710755 -0.5884956 
0.5691969 -0.2205298 -0.7250293 
0.1527615 -0.2420061 -0.7083999 
-0.326462 -0.2416086 -0.4192623 
-0.4499726 -0.2270054 0.1135693 
0.3173651 -0.1657467 -0.1502396 
0.05164393 0.6310971 0.4794218 
-0.2587389 0.07481389 0.3053543 
0.3390117 -0.07104214 0.242107 
0.116617 -0.1794854 0.2245298 
0.166834 0.3168407 0.3487076 
0.07771759 0.1863966 0.3061336 
-0.220172 0.1341726 0.2886913 
0.1317279 0.5660178 0.4313121 
0.3503992 -0.0235279 0.2397135 
0.1176233 -0.1876408 -0.7465582 
0.5136791 0.3928864 0.4228587 
-0.2789554 0.6177393 0.4584725 
-0.4412691 -0.2416586 0.1302835 
-0.2268482 -0.1726864 -0.04709031 
-0.1967156 0.2005336 0.3520297 
0.5922986 -0.2263262 -0.1463848 
0.1003323 -0.2097536 0.1982817 
0.5987318 0.4739952 0.4165961 
0.576273 -0.1731718 -0.05229731 
0.6001414 0.1746345 0.3221714 
-0.3649903 -0.2458352 -0.7317927 
-0.106028 -0.1740554 0.06569158 
-0.5729958 -0.1782672 0.1009909 
-0.3415202 -0.1698122 0.2334307 
0.58572 -0.1919422 -0.6905293 
-0.354297 -0.2437477 0.04500055 
-0.01734797 -0.239731 -0.4042244 
-0.5338763 -0.2292738 -0.2071807 
0.5023862 -0.2430511 0.131647 
0.265573 -0.02697798 0.2332039 
-0.5860006 -0.1978283 0.02816685 
0.2790622 -0.1661056 0.1062476 
0.4552236 -0.2450403 -0.5448608 
0.09609904 -0.05391923 0.2702093 
0.3080152 0.412614 0.4210904 
-0.1260748 -0.1673092 -0.5054028 
-0.0927829 -0.1771179 0.1232263 
0.3933826 -0.2474348 -0.1442222 
0.112152 0.2621702 0.3604967 
-0.5035146 -0.1700327 -0.7076463 
-0.4732567 -0.2335068 0.1840405 
-0.594566 0.2257151 0.3304202 
0.5875254 -0.1619353 0.2056027 
-0.5949166 -0.1955878 -0.3508342 
-0.03067125 -0.1627653 -0.1680091 
0.5965144 -0.1985612 -0.4149658 
0.2234186 -0.0675106 0.2181978 
-0.5362968 -0.1140548 0.1969256 
-0.2286565 0.2552983 0.3421886 
0.5885717 -0.2049909 -0.6167063 
0.5195674 0.1473143 0.3375483 
-0.5375929 0.2790439 0.3822954 
0.589231 -0.2330486 -0.2209142 
0.07538085 -0.1694167 -0.08548371 
-0.4397512 0.2650713 0.3761423 
-0.04056623 0.0536099 0.3126962 
-0.4528555 -0.1791144 -0.7463834 
0.2805119 -0.001796334 0.2832073 
-0.06565492 -0.00552152 0.2427828 
-0.3050571 -0.09500565 0.2420932 
-0.3426104 0.1050574 0.2686434 
0.4539354 0.2259904 0.3116295 
-0.003329233 0.5061632 0.4550204 
0.1515395 0.1869874 0.3436005 
0.3009557 0.3104043 0.3834372 
0.5672953 -0.1839388 -0.7344114 
-0.3754936 0.4741754 0.447468 
-0.3103393 -0.09702369 0.2414185 
0.05556549 0.4077902 0.4027918 
0.2425752 -0.1739597 -0.2718963 
-0.02711526 -0.1973513 -0.3628072 
-0.5301252 0.5442516 0.4680756 
-0.5805878 -0.1851228 -0.1446914 
0.5312477 -0.1003871 0.1993103 
0.581251 0.2498826 0.3323164 
-0.1234264 -0.1779412 -0.6428645 
0.3167671 0.605047 0.4596826 
0.5646427 0.624231 0.4604507 
0.3013771 -0.184659 -0.6966193 
0.3713837 -0.2334071 -0.7446673 
0.2659175 -0.2386702 -0.4020503 
-0.4406773 -0.2416491 -0.002269319 
-0.08592032 -0.2432767 -0.08824984 
-0.3119264 -0.1635639 0.02567999 
0.2914116 -0.2316104 -0.04825176 
-0.09465017 -0.2179175 -0.389998 
-0.5502194 -0.2354111 -0.6726639 
0.2969332 -0.2452754 0.02158646 
0.3142889 -0.2274604 -0.5054562 
0.2098782 -0.1736255 -0.5774056 
0.3529348 -0.2243291 -0.2324639 
0.4237818 -0.2122501 -0.7591078 
0.09634978 -0.1744763 -0.6032239 
0.07920647 -0.2497263 -0.6316366 
0.01473646 -0.1909594 -0.5091575 
0.00247054 -0.2309836 -0.3831255 
-0.4578066 -0.1572781 -0.1231196 
0.4706082 -0.2477708 -0.09366493 
0.5314326 -0.2471654 -0.1637747 
0.5611067 -0.1857128 -0.1135051 
0.1153414 -0.2166744 -0.4713917 
-0.4119967 -0.2459863 -0.301147 
-0.386551 -0.225483 0.07395677 
0.4989835 -0.2430563 -0.5258773 
-0.3079846 -0.19528 -0.5111101 
-0.4379816 -0.1695209 -0.6715988 
-0.2207342 -0.2445975 -0.6026961 
-0.5631127 -0.2397423 -0.5678059 
0.5984297 0.5372788 0.4499872 
-0.5307593 -0.2001492 0.1687694 
0.5476194 -0.2068454 -0.7618879 
-0.5913308 -0.1895667 -0.3175712 
-0.3100079 -0.1674186 0.1666212 
-0.5421657 0.4432853 0.3870427 
-0.1832823 -0.1661126 -0.3141134 
-0.4344423 -0.2342734 0.1367704 
-0.5907859 -0.2138154 0.05481659 
-0.5993375 -0.1880013 0.1722104 
0.5560293 -0.04578663 0.2045923 
-0.2160612 -0.1927275 -0.1906617 
0.2737916 0.5904663 0.4532678 
-0.02771199 -0.1721134 -0.05997063 
-0.3522221 0.1859294 0.3484798 
0.4523649 0.3049998 0.3554141 
-0.5128414 0.4314419 0.4133468 
-0.3580033 0.2049362 0.3548379 
0.5891405 -0.07145466 0.2432526 
0.2985617 -0.1753716 -0.01061666 
0.347682 -0.1984922 -0.2566846 
0.1403231 0.6091404 0.4703957 
0.07331438 0.1870943 0.3063645 
0.1248562 -0.05875649 0.224329 
0.5914407 -0.1955916 -0.2772313 
0.4860936 -0.1605839 0.03274127 
-0.3771781 0.1084207 0.3228867 
-0.1778561 0.4440683 0.4374945 
-0.1727931 0.01812075 0.2947863 
0.06126037 -0.1046953 0.2492642 
-0.009308776 -0.1632848 0.2337359 
0.08232971 -0.1765987 0.01054151 
0.5413404 0.5495207 0.4550994 
0.371593 -0.2477677 0.1412375 
0.2306546 0.1842284 0.3479372 
-0.1073028 0.533228 0.468113 
-0.4652724 0.06437895 0.3034431 
-0.5778228 -0.2426626 -0.05071719 
-0.1289614 0.2519094 0.333002 
-0.4990554 0.2867769 0.3314857 
-0.2585634 0.4045756 0.4235689 
0.329062 0.4860206 0.419393 
-0.008703356 0.05512626 0.2987045 
0.08517932 0.6305585 0.4506442 
-0.02969846 -0.2222904 0.2008797 
0.1588024 0.4553356 0.4104079 
-0.06528277 -0.1620936 -0.2190116 
0.4332048 -0.2256824 0.1681891 
-0.4453971 -0.209012 0.2099385 
-0.4720107 -0.1831371 0.1060134 
0.4419375 -0.1684013 -0.263582 
-0.4241323 -0.1634277 -0.5204147 
-0.5789405 -0.1888019 -0.4432184 
-0.5623579 -0.2220863 -0.4824923 
-0.3333673 -0.2457527 -0.3279541 
0.337586 -0.1762887 -0.5497319 
-0.000593089 -0.2310971 -0.2514856 
-0.4089537 0.3802217 0.385481 
-0.1860197 -0.0540148 0.2774377 
-0.0864516 -0.2548714 -0.6657102 
0.004732776 -0.2440217 0.01039132 
-0.5931968 -0.2068801 -0.6916373 
0.4953123 -0.1810296 -0.6972598 
0.3156978 -0.247066 -0.1587758 
0.2856952 -0.2435891 -0.07546592 
-0.4337512 0.6199365 0.4502184 
-0.2136002 -0.1691214 0.1379152 
0.49774 -0.1738413 -0.06332709 
-0.09384484 -0.1094174 0.203752 
-0.509295 0.371674 0.3633828 
-0.4224939 -0.1328055 0.2435574 
0.4197842 0.3013766 0.3761284 
-0.4667395 -0.07561236 0.2637267 
0.1528296 -0.172569 -0.6568601 
-0.5320745 -0.1769061 -0.2400309 
-0.3054408 0.5705115 0.4760735 
-0.2769938 0.4602993 0.3952077 
-0.2293851 0.595743 0.4691204 
-0.4612645 0.3107541 0.3907135 
-0.03750037 -0.2412686 0.1229605 
0.4572384 -0.1291308 0.1860656 
0.0147601 0.5632157 0.4752889 
-0.4268405 -0.1680561 -0.02626838 
0.5907819 -0.2239756 -0.003148935 
0.3749011 0.2024061 0.311436 
0.4205859 0.02483772 0.2537484 
-0.3418539 0.1320783 0.3328902 
-0.5785825 0.3431581 0.3522961 
0.2565427 0.503837 0.4278088 
0.1872943 0.459786 0.4226556 
-0.01639386 0.3431827 0.3575481 
-0.1026786 0.6505743 0.4626156 
0.4559352 -0.1226329 0.2480215 
-0.06408308 0.2350831 0.3278515 
0.5728059 -0.1575702 0.1718383 
-0.1713883 -0.107051 0.2553935 
0.5725065 -0.1398034 0.2313033 
-0.5552799 -0.1063477 0.1946047 
-0.3834267 0.3232959 0.3888678 
-0.2439997 -0.1657752 -0.3304209 
0.4633412 -0.1889103 -0.3323859 
0.4115989 0.4526534 0.4255568 
-0.5999233 -0.1961413 0.128393 
-0.07973602 0.6296179 0.4727872 
-0.3122504 0.01508856 0.2914251 
-0.3934981 -0.1982866 0.0799092 
-0.4175155 0.4900666 0.4535208 
0.2501112 0.153781 0.295241 
-0.4739175 -0.01327411 0.2873688 
-0.4949951 0.5604111 0.474267 
0.5040473 -0.1789045 -0.1806484 
-0.1291125 -0.1655487 -0.1683719 
0.2167934 0.1559544 0.2988701 
0.593827 -0.2257625 -0.1866487 
0.1538985 0.07234667 0.3040763 
-0.2355578 -0.006427958 0.2898107 
-0.5162368 0.4133092 0.3785791 
0.4207531 0.4958079 0.4147007 
-0.1149317 0.01562735 0.2504597 
0.1952805 0.3006373 0.3881833 
0.2707557 -0.1703995 0.06902457 
0.5807608 0.5958764 0.4458394 
-0.1636408 0.5864611 0.4811059 
0.2793468 0.4053682 0.3830496 
0.4629976 -0.05403602 0.2704982 
-0.5926368 -0.1942728 -0.7466231 
0.04721607 0.3749248 0.3707294 
0.2937236 -0.1788987 -0.04238003 
0.4488024 0.5594806 0.4323403 
-0.2417753 0.1792783 0.3462698 
0.4203511 0.2637809 0.3729864 
-0.5806768 0.414483 0.3952636 
-0.4792941 -0.1929454 -0.7627532 
0.1475884 -0.1806754 0.146223 
-0.5897673 0.6155725 0.4527785 
0.1936242 -0.1649278 0.1289875 
-0.1153724 -0.1732447 -0.2852666 
0.0382119 -0.1719691 -0.4519034 
0.5969534 0.4612555 0.4210441 
-0.1780655 0.05743088 0.3018427 
0.2303787 -0.02827247 0.2800457 
-0.1429505 0.3194629 0.3589883 
0.06877236 0.3610649 0.4034139 
-0.007148269 0.3119837 0.4023779 
-0.199595 0.48449 0.4533992 
-0.1849906 -0.2305455 0.1780837 
0.5345687 0.6277622 0.470042 
0.2640197 -0.1646198 -0.3471708 
0.586367 -0.1969582 0.1632317 
0.03738765 -0.1566937 0.1724317 
0.4873195 -0.2114389 0.1663582 
-0.5874304 0.4583471 0.4177856 
-0.5791016 0.2850726 0.3349648 
0.3067796 -0.2408022 0.1489161 
-0.5511322 0.4977914 0.4491859 
0.5727456 -0.2262154 -0.3857184 
0.594816 -0.2200653 -0.2736904 
-0.2820874 0.6101388 0.4860137 
-0.4109491 0.5488825 0.4730831 
-0.6044127 -0.02528726 0.2561701 
-0.4743854 0.629887 0.4697194 
-0.0726006 -0.1713627 -0.6448158 
-0.3413894 -0.1946396 -0.5185536 
0.226925 -0.1849902 -0.4743975 
-0.4610404 -0.2418942 -0.319852 
0.1425642 -0.2159417 -0.4636405 
-0.1262474 -0.2466129 -0.5890521 
-0.438475 -0.2433375 -0.4974277 
-0.5147089 -0.2416491 -0.5114745 
-0.09976931 -0.2447036 -0.2993202 
0.4962912 -0.2020781 0.155952 
0.06265446 -0.1690702 -0.1650904 
0.5524104 -0.1758515 -0.1823717 
0.1597351 -0.1700727 -0.5489208 
-0.2306558 -0.2297375 -0.05513319 
0.02595906 -0.2430108 0.07396775 
0.2235919 -0.2427966 -0.1586752 
0.4276678 0.01642601 0.2922864 
0.1867296 -0.224777 -0.7481269 
0.08258366 -0.2466808 -0.1232395 
0.02926508 -0.1704744 -0.1369515 
-0.5526734 -0.1891555 -0.4397546 
0.445831 -0.1692805 0.1249858 
0.131744 -0.2459013 -0.6660336 
0.3713273 -0.2463355 -0.08086579 
-0.346986 -0.2424392 -0.6442198 
0.2809969 -0.1795701 -0.5636343 
0.2092745 -0.245182 -0.5673785 
-0.2142134 -0.2213264 -0.1887767 
-0.513792 -0.2498165 -0.6003465 
-0.1212485 -0.2287043 -0.01330808 
0.2866691 -0.2429301 -0.3174816 
0.4486201 -0.2325368 -0.7345315 
-0.324476 -0.1993184 -0.6717129 
-0.3589325 -0.1776756 -0.6985744 
0.3549487 -0.2211567 -0.441859 
-0.3366598 -0.2492188 -0.03047099 
-0.2788236 -0.2301386 -0.4903412 
-0.1852723 -0.2371818 -0.6807555 
0.2102299 -0.2487726 -0.4967335 
-0.4984259 -0.2540791 -0.5621078 
0.4543674 -0.2386698 -0.650422 
-0.1572039 -0.2452754 -0.1585804 
-0.01357041 -0.2516161 -0.710099 
0.1620694 -0.2462785 -0.1995172 
-0.3898117 -0.1707952 -0.2452553 
-0.5049061 -0.1727823 0.1347018 
-0.6034777 -0.1954523 -0.5940349 
-0.6100171 -0.2193793 -0.01051081 
0.5954756 -0.2204798 -0.5226305 
-0.3262222 0.5889407 0.437651 
0.5227911 -0.1777381 0.1317963 
0.5875822 0.5243709 0.412841 
0.1910533 -0.1856281 -0.08515724 
-0.528708 -0.2409253 0.1237056 
-0.05795491 0.5597166 0.4754223 
0.5127791 -0.02669604 0.2195011 
-0.5859449 -0.01721936 0.2211758 
-0.46571 -0.197503 -0.3628821 
-0.277046 -0.1234152 0.1997754 
0.4773861 -0.1669663 0.08122443 
-0.3984474 -0.1718803 -0.4136847 
0.3363652 -0.130793 0.1895941 
0.580191 0.09089932 0.2708435 
0.5880679 0.004492246 0.2703527 
0.3596107 -0.1713955 0.07407186 
0.5791014 0.3195849 0.3574597 
-0.5780247 0.4693358 0.4001431 
0.504091 0.1556969 0.2920139 
-0.399518 0.6154804 0.4804598 
-0.3134374 -0.09746359 0.2277296 
0.5409065 -0.1268363 0.2451154 
-0.6046905 -0.2192984 -0.6085731 
-0.1458157 -0.190935 -0.3785923 
0.5195503 0.4369739 0.4337893 
-0.4999017 0.08519256 0.3079194 
0.4560877 0.2006044 0.3526807 
-0.4241831 -0.00554773 0.2395046 
-0.01812308 0.0430216 0.2767845 
-0.2767344 0.4786802 0.450225 
-0.5981839 -0.04717443 0.2567216 
-0.3822348 -0.1797023 -0.7536112 
0.1629386 -0.1866856 -0.4488088 
-0.3475313 0.5278997 0.4655908 
-0.5307997 -0.1275827 0.2471266 
-0.3449203 -0.1916083 -0.7709477 
-0.1140862 0.1849109 0.3085648 
-0.4514695 -0.1739116 -0.4173651 
-0.6072795 -0.03443855 0.2560578 
-0.2980123 -0.1200062 0.2057807 
-0.1179953 -0.2043118 -0.3907893 
-0.5081971 -0.1791149 -0.7474733 
-0.5261112 -0.1888912 -0.1756884 
-0.1499962 0.6448971 0.4656507 
0.336316 -0.1665828 0.1471348 
0.2733413 0.397534 0.4165029 
-0.3917264 0.08680539 0.2606449 
0.222653 0.5727269 0.4739036 
-0.2773255 0.2534207 0.3749876 
-0.008135401 0.4865603 0.4381325 
0.5704875 0.1342915 0.299445 
-0.2772294 0.3699467 0.3685611 
0.5152397 -0.1739208 -0.3167627 
-0.2759286 0.1175182 0.3215042 
-0.1147825 -0.1975076 -0.1105423 
0.09750684 0.5547425 0.424592 
-0.5042024 -0.1707036 -0.109409 
-0.02290071 0.5766103 0.4776943 
-0.2134837 0.5282405 0.4642275 
-0.3851689 -0.2092912 0.1619615 
0.5304263 -0.1684078 0.01293003 
0.4984088 -0.1672367 -0.4455224 
0.3502892 -0.1637463 -0.1576206 
0.3654032 -0.1973718 -0.06642415 
0.2383667 -0.1736662 0.017073 
0.4075065 -0.1553615 0.03499902 
0.02201148 -0.1712161 -0.09416705 
-0.5552049 -0.1939248 -0.7602177 
0.569233 0.2910562 0.3533294 
-0.4670247 -0.1733237 -0.2852554 
-0.1145886 -0.2106984 0.2102404 
-0.5663571 -0.2137266 -0.7600575 
-0.5373512 0.5714933 0.425091 
-0.1712154 -0.1241602 0.1951101 
-0.3783373 -0.2437914 -0.776983 
-0.1732058 0.6322108 0.4606098 
-0.4232638 0.405003 0.3714357 
0.3570102 -0.2466069 -0.6654868 
0.1332912 -0.2490337 -0.544199 
-0.3911128 -0.1703972 -0.5048116 
0.1197786 0.2876688 0.3535287 
0.4913692 0.5017858 0.4126545 
-0.03739721 -0.03766016 0.275564 
0.1811852 -0.05195915 0.2243349 
-0.2130791 0.4455266 0.3871203 
-0.4459366 -0.05819979 0.2208512 
0.06830165 -0.2448969 -0.0669715 
0.1955618 0.2537881 0.37145 
0.01100796 0.110045 0.3283308 
0.1114684 -0.1728363 -0.7087198 
-0.02601758 -0.2521112 -0.5907184 
-0.0585107 -0.2448322 0.04574955 
0.09319488 -0.240379 -0.3140846 
-0.6001585 -0.2063657 -0.1078845 
0.0003337552 -0.26233 -0.1855495 
0.4144846 0.2184039 0.314518 
0.163938 0.1580046 0.311223 
-0.0658737 -0.1749446 -0.532297 
0.1445267 0.08012319 0.2857324 
-0.3404783 0.08412365 0.3163114 
0.4714232 -0.21328 -0.1341999 
0.5392198 -0.2481999 -0.130288 
0.07558735 -0.2531076 -0.2000909 
-0.2204427 -0.1303507 0.1881556 
0.02714959 -0.07805707 0.2593288 
-0.5087382 -0.2174085 -0.2201961 
-0.3293079 -0.1671098 -0.1000824 
0.5285127 0.2392841 0.354852 
-0.5166117 0.3099289 0.3934834 
0.1583934 -0.1842705 -0.2940033 
0.2329108 -0.1781681 -0.6857386 
0.3469792 -0.2445951 -0.5734516 
0.3526857 0.3450604 0.4049414 
0.4015974 -0.2361497 -0.359263 
-0.177552 -0.229364 -0.3857824 
0.1780724 0.09531581 0.3083527 
-0.5026228 0.01813179 0.2499729 
-0.1529443 -0.01800045 0.2871005 
0.293194 0.09995963 0.2782452 
-0.3486072 -0.2026837 -0.508098 
-0.4871734 -0.244513 -0.667048 
0.4560279 -0.1712749 -0.609681 
0.3434582 0.2658228 0.3788242 
-0.572736 -0.1788635 -0.5904371 
-0.1032631 0.3617198 0.3904834 
0.1456511 -0.06446421 0.2679076 
-0.1224362 -0.1717698 -0.6287652 
-0.06471273 -0.2304715 -0.3680408 
0.4673789 -0.2478863 -0.1684591 
-0.4058677 -0.2425169 -0.2143323 
0.5053326 -0.244095 -0.4472574 
-0.2647452 -0.2152886 -0.4424756 
-0.519944 -0.2425283 0.08960016 
0.1129465 -0.1870945 -0.4632899 
0.4417879 -0.1712833 -0.5603364 
-0.2562358 -0.2423701 0.02320515 
0.1812646 -0.1828525 -0.7500368 
0.3063093 -0.1966467 -0.5615277 
0.5782238 0.1878624 0.3124317 
-0.1429818 -0.1855453 -0.3405541 
0.077517 0.4913655 0.408678 
-0.3803828 0.2713152 0.3808084 
-0.02319055 -0.07382276 0.2190154 
-0.5921526 -0.1140528 0.2245508 
0.4375684 0.4605814 0.4285764 
-0.5844636 0.5534282 0.4347417 
0.2300393 0.2783315 0.3393577 
0.3301468 0.3233127 0.394399 
-0.4877913 0.6304286 0.4536787 
-0.5017008 0.1835072 0.3514196 
-0.3749662 0.4332611 0.3821353 
-0.1400676 -0.1848127 0.02071355 
0.2797307 0.1893849 0.3531936 
-0.4711433 0.431505 0.3899423 
0.05454391 0.4703803 0.4286678 
-0.5695453 0.6029881 0.4672697 
-0.2870252 -0.2090966 0.2108987 
0.0008805766 -0.1894221 -0.754398 
-0.3824387 -0.124867 0.1957154 
0.459509 0.01174107 0.2474402 
0.2445707 0.08881763 0.3189311 
0.07859611 0.2257534 0.3698143 
-0.3962419 0.4236162 0.4270804 
0.1025965 0.1017958 0.2962757 
0.2233271 0.2319344 0.3222387 
0.5403858 0.4800584 0.4479654 
-0.165484 0.5500586 0.4230277 
-0.2914561 -0.02749988 0.2773946 
-0.4310811 0.290346 0.3344919 
0.2241889 0.4756702 0.4398814 
0.3924815 0.5447184 0.4254297 
0.3899125 -0.1615181 0.1714683 
0.06588362 -0.2120274 0.2059263 
-0.1708083 -0.2124502 0.2128938 
-0.4528351 0.555276 0.4242154 
-0.2523093 -0.2085994 -0.764965 
0.01957969 0.09941899 0.2810216 
0.6021414 -0.1984841 -0.1115588 
-0.0238674 0.04224179 0.2906595 
-0.01438342 0.5455646 0.4243114 
-0.6010064 -0.1940216 -0.08019573 
0.06130973 0.5503161 0.4247242 
0.02645831 0.2581555 0.3778855 
0.5772329 0.03296804 0.2882216 
0.1036626 -0.1269937 0.2445128 
-0.2762383 -0.1401912 0.2430477 
0.2010561 0.4337589 0.387866 
0.4866258 0.3058072 0.3621663 
-0.319384 0.4643142 0.4437573 
0.3502713 -0.1698057 0.2324712 
-0.4262676 -0.180502 0.2252112 
-0.04981948 0.4710138 0.3996183 
0.3783071 0.3577062 0.3694537 
0.09602966 -0.1716541 -0.6733472 
0.2602118 0.1471172 0.3388222 
-0.1215865 0.0844577 0.3153813 
0.4429131 0.3845491 0.4188269 
0.02977672 0.03038342 0.2979905 
-0.4184674 0.5660615 0.4302388 
-0.2906994 -0.1762394 0.132374 
-0.2768533 -0.1688947 -0.1423074 
0.2306881 -0.1954884 0.220081 
-0.36898 -0.1595649 -0.1246742 
-0.0935913 -0.1717227 -0.6733148 
-0.368555 0.4031838 0.4185177 
0.4556924 -0.1859139 -0.3579374 
-0.1077575 -0.2437982 0.1024225 
0.5270168 0.1837781 0.3478551 
0.2464252 -0.2399614 -0.5651364 
0.371593 -0.2505395 0.1148328 
0.3090625 -0.1774059 -0.7343493 
0.5190612 -0.134829 0.1839239 
0.5251965 0.5849858 0.4516035 
0.42077 -0.06409781 0.2237371 
0.1583999 -0.2387283 0.06580754 
0.2625081 -0.2372466 -0.6352802 
0.2515436 0.5649112 0.4338752 
0.4132329 -0.2467284 -0.05952322 
0.5005159 -0.05744339 0.2154234 
-0.2057945 -0.1550371 0.2372511 
-0.1432616 -0.1665858 -0.482937 
-0.104577 -0.1747485 -0.1227711 
0.2144103 -0.2450719 -0.4180346 
-0.1028016 -0.2504179 -0.5509148 
0.2723833 -0.2427121 -0.257132 
-0.3898873 -0.1709786 -0.6097143 
0.3786169 -0.2424945 -0.5532616 
0.4389538 -0.1701682 -0.7015139 
0.3854073 -0.1738538 -0.5952579 
-0.5711103 -0.1722238 -0.6466171 
-0.55108 -0.2407012 -0.241527 
-0.2421671 -0.2441707 -0.6306474 
-0.0596066 -0.2356119 -0.3129456 
-0.121465 0.4832988 0.3965637 
-0.07286578 -0.1945502 -0.7453951 
-0.0364947 -0.1758284 -0.7072706 
-0.5821283 -0.2334012 -0.2481457 
-0.3449405 -0.1695494 0.1613421 
-0.2700092 -0.2471578 -0.1064915 
-0.2148369 -0.240546 -0.1102461 
0.5784967 0.361573 0.3717736 
-0.07530729 -0.2159342 -0.7574224 
0.01135601 0.5060892 0.4175652 
0.01366065 -0.2245475 0.1874104 
0.0590237 -0.1771311 -0.5549212 
-0.1420192 -0.2195799 -0.08676828 
-0.009701349 -0.2409862 -0.2462723 
0.5336347 -0.2422689 -0.2571172 
-0.1479923 -0.1718975 -0.6252276 
0.08241344 -0.2477113 -0.6730523 
-0.5883504 -0.1764836 0.1264484 
0.2095716 -0.179302 -0.05049725 
-0.1194884 -0.2421439 -0.2354458 
0.5260977 0.1269244 0.2837181 
-0.203485 -0.1740628 -0.6091442 
0.3008125 -0.1724388 -0.6236387 
0.5352803 -0.1705412 -0.6686791 
0.5073092 -0.228576 -0.7416985 
0.4835363 -0.2386855 -0.5950659 
0.3925504 -0.2424647 -0.7222033 
-0.2492775 -0.1686597 -0.6858975 
0.5348365 -0.1705412 -0.6655912 
0.4131671 -0.2507397 0.03066354 
-0.2699361 -0.2445697 -0.2783433 
0.3216786 -0.1734078 -0.7098233 
-0.5435187 -0.1670887 -0.6866676 
0.383797 -0.1814557 -0.7538933 
0.1746242 -0.2275741 -0.01806423 
-0.425339 -0.2459506 -0.6590623 
-0.3025877 -0.171718 -0.5696703 
-0.467671 -0.2427476 -0.4548976 
0.560751 -0.2334677 0.1008432 
0.340558 -0.1750697 -0.5233014 
-0.4532203 -0.1715313 -0.6237866 
0.5403681 -0.2425118 -0.5179472 
-0.4432662 -0.2467115 -0.5649606 
-0.09402738 0.1517224 0.2972957 
0.3553096 -0.245399 -0.1764159 
-0.5767356 -0.1742073 -0.7178749 
-0.5068989 -0.2316107 0.1824509 
0.09583872 -0.2447967 -0.2425098 
-0.1436757 -0.1756946 -0.7213478 
-0.112484 -0.1831933 0.1077563 
0.3143792 0.1865675 0.3523965 
-0.1933322 0.3446723 0.3977742 
0.2941521 -0.2110013 0.2103975 
0.2521711 0.3311924 0.3945235 
-0.04433115 -0.1726033 -0.58129 
-0.131094 -0.2257849 -0.6578785 
0.2023632 -0.2436846 -0.2423707 
0.1983107 -0.2529696 -0.4495559 
-0.3806817 -0.2529843 -0.7268813 
0.4207692 -0.2441763 -0.6519362 
0.08341327 -0.242708 -0.526379 
0.3326962 0.005589628 0.2874043 
0.5337755 -0.007244414 0.2871667 
-0.3758445 -0.2437555 -0.3483345 
0.5934021 -0.1794157 -0.5290456 
0.4560246 -0.2479937 -0.02475652 
0.4080403 -0.2383748 -0.3912309 
-0.4494389 -0.215481 -0.767617 
-0.542258 0.3395584 0.3491271 
0.4323501 -0.1568093 -0.1902738 
-0.3396731 -0.223428 0.1952752 
0.5888372 0.4645869 0.4440002 
0.196327 -0.1979281 0.2154168 
-0.369325 -0.2448817 -0.6175946 
0.1850592 -0.2494011 -0.5243587 
-0.4179438 -0.1713618 -0.4828374 
-0.4670505 -0.1757951 -0.2512629 
0.6014457 -0.2117958 -0.4631076 
0.5069879 -0.1887461 0.1504314 
0.08754987 -0.2061204 -0.7702075 
0.4878162 -0.2550733 0.1035796 
0.5671515 -0.2365723 -0.0191447 
-0.3994495 -0.2218736 -0.7780241 
0.5668984 -0.17518 -0.257832 
0.2991518 0.6109309 0.4607402 
0.232593 -0.1676232 -0.2002957 
-0.5895805 -0.1949311 0.1984741 
0.459092 0.4379144 0.4120509 
0.5122468 0.2387674 0.3167152 
-0.1996387 -0.1712381 -0.4683962 
0.3725559 0.07354647 0.3175239 
-0.2532532 -0.173115 0.1145307 
-0.08862551 0.4638053 0.3922362 
0.1943793 -0.1815023 -0.3262662 
0.4066023 0.4443278 0.4283681 
-0.5908533 0.202935 0.3321641 
0.5972069 -0.1977927 0.06144412 
-0.4320458 0.2533885 0.3283644 
0.1579505 0.3960472 0.4141448 
-0.2141896 -0.2334015 0.1603157 
0.5960005 0.5212854 0.4239691 
-0.3502177 -0.1671584 -0.08421528 
-0.3230643 -0.05086897 0.2268722 
-0.1006327 -0.123783 0.2521365 
-0.5235316 0.3427705 0.401187 
0.2476828 0.02490732 0.295141 
0.5123649 -0.1688848 -0.4689123 
0.4897902 0.2930484 0.3360439 
-0.08166637 -0.1727799 0.005275594 
0.4923313 -0.2220695 -0.7596838 
-0.2844145 0.1725725 0.3486942 
0.3686911 0.5881758 0.4732088 
0.3151731 0.5327298 0.4236476 
-0.3619269 0.4869252 0.4029355 
0.2415015 0.414373 0.4207686 
0.1345628 0.2820134 0.3445431 
-0.5169729 0.2523885 0.3743765 
-0.519107 -0.1860805 -0.4445636 
0.07457052 0.3217992 0.3969534 
0.595524 0.02972751 0.2490729 
-0.3329065 0.4071068 0.4216261 
0.1410282 0.4620695 0.4131368 
-0.1474435 0.6336344 0.4813851 