0.2622391 -0.1609703 -0.6338046 
-0.5844747 0.6352556 0.4518636 
0.6052722 0.3318115 0.376625 
-0.5148975 -0.2676167 -0.1476281 
0.1809999 -0.2249214 0.1838397 
-0.5879514 -0.1864971 -0.6949595 
-0.04106804 0.5982798 0.4395591 
-0.2794658 0.1412322 0.3494013 
0.5973459 -0.189592 -0.2066344 
-0.2369663 -0.2171245 -0.3429671 
0.5881439 -0.07284161 0.2201281 
0.1914062 0.1847399 0.3703779 
-0.2843409 -0.2430759 0.1498159 
0.7091191 -0.2173153 -0.8266265 
-0.5822611 -0.03213063 0.2797388 
-0.2590289 -0.1917451 -0.6865229 
0.2714016 -0.2388215 -0.2540815 
-0.5847188 -0.1722918 -0.4031034 
0.4903237 0.6758031 0.4803249 
-0.2153785 0.5614603 0.3806998 
-0.5130661 0.2464956 0.3320199 
0.4498 -0.2120377 -0.09475338 
0.4965853 -0.2928747 -0.4449736 
-0.006943089 0.004715658 0.2386284 
0.2526754 0.4472629 0.4011877 
0.04015546 0.3145416 0.4122898 
0.3103035 -0.04118143 0.223687 
-0.2890254 -0.2512034 -0.05536437 
-0.1098988 -0.2195975 -0.08002657 
-0.3841017 -0.1579024 -0.5330156 
0.04494203 -0.2466837 -0.3451599 
-0.4535993 -0.2398527 0.09855191 
0.4323744 0.1282231 0.2836555 
-0.4436635 -0.03820465 0.280994 
0.5897279 0.5326515 0.4616529 
-0.4468476 -0.2482772 -0.2958358 
0.1309103 -0.2306135 -0.7576612 
0.4070577 0.3425252 0.3730496 
0.4750505 -0.2167613 -0.7986252 
0.2972205 -0.1659833 -0.1398168 
0.2166439 -0.2548048 -0.4288184 
0.06028414 -0.156815 -0.2998651 
0.0247754 -0.254806 0.09251087 
-0.5326943 0.272822 0.2999428 
-0.4112984 0.6586629 0.4569441 
-0.03236951 0.1757117 0.3535151 
0.3972696 -0.1721033 -0.2210208 
-0.1778332 -0.2084266 -0.7673439 
-0.2760698 0.3472507 0.3582426 
-0.5022754 -0.2528843 -0.5270253 
-0.1058597 0.603389 0.4413004 
0.3875094 0.3936736 0.451313 
0.08240949 0.02748902 0.2470851 
0.4363542 -0.1579806 0.2371904 
-0.4266312 0.4746019 0.3994286 
0.2996005 0.5795985 0.4288147 
0.586591 -0.1526788 -0.5814698 
0.612572 -0.1910102 0.02550714 
-0.6056293 -0.1534038 -0.2310881 
-0.03405368 -0.1717119 -0.4709549 
-0.1954487 -0.05623385 0.280894 
-0.1325673 0.5337988 0.4208555 
-0.4772359 -0.2551825 0.05316083 
0.04141271 0.2502145 0.3574218 
-0.1822923 -0.2714296 -0.1336248 
-0.2268808 -0.2462462 -0.4569608 
0.5996478 -0.1953658 0.04448396 
0.5893412 -0.1319872 -0.610929 
0.4288133 0.07838609 0.3195031 
-0.5926892 0.4540046 0.4035597 
-0.4587004 -0.2404319 -0.6127439 
0.3089666 -0.1760016 0.092079 
0.1065575 -0.2601803 -0.1236656 
-0.5838136 -0.2696386 0.07077087 
-0.1497551 0.3614174 0.3491702 
-0.2502225 -0.1647453 0.0113009 
0.4055458 -0.2806854 -0.4088201 
0.0262654 -0.1948967 -0.6458837 
0.03116576 0.5831869 0.4331869 
-0.2011545 -0.01257313 0.237458 
0.5421121 0.03061082 0.2382443 
0.3662687 -0.2559178 -0.683813 
-0.4690766 -0.2112027 -0.2220249 
0.1209981 -0.1371628 0.2590566 
-0.623267 0.2466716 0.3102419 
0.05716906 -0.2493032 -0.3257915 
0.07621627 -0.2428044 0.01854435 
0.6397284 0.2665555 0.2492586 
0.5715461 0.03672043 0.2454838 
0.7357247 -0.2751518 -0.6121211 
-0.4443092 -0.2479406 -0.506034 
-0.3745414 -0.1648244 0.1532787 
0.5180491 -0.2402139 -0.06602356 
-0.1655367 0.1880777 0.3687732 
0.04276011 -0.2537383 -0.5656723 
-0.09079628 -0.1694807 -0.2723284 
0.5843111 -0.1827769 -0.3584124 
-0.2760151 -0.1680696 -0.2471256 
-0.565544 -0.05158341 0.2809107 
0.1984436 -0.150481 0.2448188 
-0.1301812 -0.16334 -0.6270912 
0.2500371 -0.2483623 -0.1901824 
0.2657898 0.2607314 0.3208883 
-0.02685225 -0.1703888 -0.199611 
0.2773907 -0.2224398 -0.7291875 
-0.5054376 -0.224612 -0.4013754 
-0.04650235 0.1341715 0.2828108 
-0.08997813 -0.1046193 -0.8148553 
0.3803193 0.5541726 0.4666944 
-0.4110442 0.08231437 0.3225351 
-0.05585618 -0.1587095 -0.5495558 
-0.1419348 -0.1720007 0.1131294 
-0.5745292 -0.1664923 -0.7071442 
0.1076242 -0.2402851 -0.5664845 
-0.1023561 -0.09702332 0.2662391 
0.5415005 0.6450889 0.486815 
0.4243078 0.1766092 0.3492007 
-0.2397917 0.6303666 0.467922 
-0.5099065 -0.2534407 -0.3893939 
-0.2482781 -0.2497066 -0.5846865 
-0.5061253 -0.06052242 0.2206418 
-0.455618 -0.1597044 -0.01122944 
-0.2174003 -0.2509106 -0.4168661 
-0.3472281 -0.2512277 0.05722779 
0.1646 -0.1258032 -0.157745 
-0.3109202 -0.2206997 -0.5160631 
0.5058119 0.4346473 0.3802252 
0.4506329 -0.2686061 -0.3901987 
0.268917 0.2997907 0.3362639 
-0.3461336 0.2203259 0.3146263 
0.4762058 0.2684901 0.3308954 
-0.2143925 0.4649101 0.4411274 
0.01104026 0.4127078 0.3869715 
0.3001548 -0.2320144 0.1814895 
0.4371843 -0.1907261 0.1155292 
-0.4807878 0.2387245 0.3100706 
-0.3309287 0.1494586 0.2891635 
0.4489531 -0.1395331 -0.2092123 
0.4779876 0.3535298 0.4026173 
0.0481806 -0.2602609 -0.2536571 
-0.2498522 -0.1794828 -0.6990067 
-0.004101978 -0.1997225 -0.7143851 
-0.2785908 0.2053587 0.3029486 
-0.561339 0.5970389 0.4934986 
-0.3224334 -0.3408242 -0.2156429 
0.1556812 -0.1978284 -0.753973 
0.3757524 -0.2687545 0.04059773 
0.2533761 -0.1791504 -0.6550236 
0.4020633 -0.2162562 -0.7256044 
-0.5027106 -0.2060403 0.201018 
0.1675053 -0.1667962 -0.3336652 
0.1247125 -0.1672439 -0.01176443 
0.1395226 0.5192362 0.4678105 
0.2603665 0.1592539 0.3597419 
0.1487346 0.1794294 0.3052615 
-0.3564762 -0.2620447 -0.007751426 
-0.4637986 -0.2490579 -0.6625437 
-0.009124056 -0.2428282 -0.1075331 
-0.1560517 -0.3320284 -0.7963743 
-0.5738047 -0.2817556 -0.140324 
0.2836694 -0.2501019 -0.2793784 
-0.146158 -0.2252879 0.06853262 
0.4578828 -0.2774804 -0.3478332 
-0.3316264 -0.2571974 -0.03476874 
0.4726976 -0.08961023 0.2680173 
-0.6382386 -0.2300008 0.3126865 
0.7088014 -0.3330829 -0.3636006 
-0.4202163 0.3296139 0.3960507 
0.3909877 -0.0974058 0.2647533 
-0.3133357 0.4877277 0.4092492 
-0.4397546 -0.1883395 -0.7721506 
-0.1183173 0.3378098 0.3429883 
0.4929425 0.6317017 0.4699559 
-0.3092161 -0.2519116 0.128905 
-0.4762268 0.5454509 0.3740177 
-0.5806186 -0.1664458 -0.5004272 
0.2750495 -0.2393236 -0.1287216 
0.06434185 -0.1840276 0.08877574 
0.1366397 -0.1661934 -0.5299072 
-0.108846 -0.239453 -0.3527651 
0.5510656 -0.1688599 -0.1201245 
0.5579965 -0.2407808 -0.5489983 
0.4481137 -0.2031251 -0.5287042 
0.5885879 -0.206243 0.1103858 
0.3822278 -0.2392415 -0.6740621 
0.02086122 0.4994961 0.4524743 
0.2607255 -0.1738262 -0.4507331 
-0.5291889 -0.1779614 -0.01551676 
-0.595704 0.5533003 0.4336714 
0.4889293 -0.2139308 0.170283 
-0.171814 -0.176829 -0.07542325 
-0.2885785 -0.343623 -0.2184141 
0.1061834 -0.269151 -0.1897011 
0.03075372 -0.1707848 0.1841434 
-0.210628 0.5773617 0.4049431 
0.1406996 0.2631975 0.3781326 
-0.08891421 -0.1683904 -0.114148 
-0.3045882 -0.1860077 -0.5701421 
0.4810364 0.007211997 0.2481843 
-0.07973851 0.04691509 0.3072394 
-0.006090726 -0.002807589 0.297957 
-0.5771623 0.06252073 0.2790115 
0.2565922 0.5173496 0.4558607 
-0.1626804 -0.2488062 -0.3363191 
-0.2667548 -0.1856809 0.1862891 
0.2123803 -0.2447991 -0.08784933 
-0.3297915 -0.2565292 -0.5136101 
-0.06225998 -0.2495852 -0.4863902 
-0.0926889 -0.1500956 0.1499905 
-0.4366593 -0.2517667 -0.5395452 
-0.6334482 0.2665445 0.3391127 
-0.3661147 -0.1738319 -0.3174625 
-0.1848408 -0.2212443 -0.6085248 
0.5489547 -0.2160966 -0.6481431 
-0.2688543 0.3836243 0.4106227 
0.4814095 -0.2236536 -0.3778483 
0.3992922 0.2317463 0.3288202 
0.0228674 -0.1639278 -0.3118206 
-0.1943516 -0.1898741 -0.6067435 
-0.006372701 0.4761457 0.4647084 
0.2288764 -0.05650138 0.2760023 
-0.5897978 -0.2102466 -0.2392983 
0.3714796 -0.2456568 0.01927152 
0.3924596 -0.08758368 -0.3699719 
0.3650243 -0.2154403 -0.2296949 
0.2871523 -0.2465889 -0.5217658 
0.4976299 -0.1549575 -0.7068352 
0.51078 -0.1642989 -0.6435197 
-0.1225432 0.01042571 0.251633 
-0.2623493 -0.1740413 0.1219635 
0.1669442 -0.1522845 0.1779752 
0.1582953 -0.2413468 -0.4050442 
-0.4916058 -0.2389157 -0.05964575 
0.4068276 -0.249331 0.1044799 
-0.578321 -0.1715244 -0.07616986 
0.2878353 0.6373178 0.4725113 
0.517174 -0.1660672 -0.008654855 
-0.5813287 -0.2247943 -0.7464387 
-0.5362335 0.4675407 0.4032536 
-0.08570247 -0.1911971 -0.2389741 
-0.1080943 0.2736925 0.3356703 
-0.5459417 0.1754172 0.3459048 
-0.006779859 0.6196896 0.449912 
0.1813073 0.3786056 0.4153295 
0.06046124 -0.1733742 0.02473782 
-0.3220455 -0.1203045 0.1907606 
-0.1529238 -0.3470647 0.2040667 
0.3033804 0.5768486 0.444398 
0.5023733 -0.2457386 -0.6184815 
-0.3130791 -0.1810061 -0.7028729 
0.1391687 0.05243913 0.3116848 
-0.3136097 -0.2782325 -0.2005641 
0.1625266 -0.2479973 0.06590436 
-0.2871894 -0.2051952 -0.5395113 
-0.531325 -0.06280839 0.2482854 
-0.3891079 -0.1394524 0.1203236 
-0.3181399 -0.253837 -0.083392 
-0.02078076 -0.2614254 0.05994607 
-0.159711 -0.2816859 -0.1489894 
0.2716529 0.3164316 0.3468733 
-0.5929756 0.4593045 0.4297611 
-0.07699995 -0.1651238 -0.5478532 
-0.1022011 0.3399046 0.3882712 
0.2215826 -0.0253473 0.2631881 
0.6659015 0.2072135 0.23904 
0.007725256 -0.2547735 0.04551261 
-0.01476304 -0.1794946 -0.3321072 
0.5224068 -0.05365753 0.3868019 
0.2365698 -0.3320648 -0.6395465 
0.5624241 -0.2430509 -0.4449346 
0.4804951 -0.204955 -0.4667967 
0.1010031 -0.1763764 0.1182761 
-0.6065183 -0.1994254 -0.70064 
-0.5097575 -0.1603767 -0.3192408 
0.2650871 0.1797609 0.3376831 
-0.2646737 -0.2447408 0.09634013 
0.05825947 -0.1754334 0.2436428 
0.07078459 -0.2454094 -0.4900429 
0.2696932 -0.2524335 -0.4430198 
0.2427156 -0.2162324 -0.7117615 
0.5983071 -0.1320184 -0.6146052 
0.04942198 0.2995192 0.4052017 
0.05804545 -0.1886763 -0.06906425 
-0.1321227 0.2000954 0.3700995 
-0.5379347 -0.157387 0.1353442 
-0.1040804 -0.2533229 -0.1340526 
-0.4900289 -0.187909 -0.7820882 
0.5934966 -0.2098635 0.1117827 
0.04594032 -0.2030206 -0.6615171 
-0.5281589 -0.2082529 -0.3843888 
0.163767 -0.1472535 0.09427439 
-0.2600121 -0.1630323 -0.1302495 
-0.325508 -0.2474354 0.1296562 
0.2108567 -0.2524792 -0.1932953 
0.6048281 0.259461 0.3851538 
0.4838836 0.09158104 0.2100691 
-0.5700922 -0.322602 -0.1501195 
0.3548752 -0.1773023 -0.05163052 
-0.02504393 -0.2298305 -0.3784983 
0.2595167 -0.2249928 -0.6009167 
0.3802262 -0.2552052 -0.4601151 
0.4687984 -0.1525956 -0.1907095 
-0.5306168 -0.252929 -0.3470964 
0.1046294 -0.1708057 -0.4279527 
-0.2972746 -0.2614604 -0.5248236 
-0.1892689 -0.2489889 -0.383427 
-0.06408701 0.170112 0.3603625 
0.6070029 0.3369009 0.3773376 
-0.5664676 -0.1671065 -0.4758142 
0.1281387 -0.235507 0.09474631 
-0.521548 -0.203808 -0.5184288 
-0.599845 -0.1456019 -0.00476236 
0.006514251 0.4791185 0.4378707 
0.3927619 -0.1849532 -0.406092 
-0.250653 -0.1730192 -0.2958479 
-0.1605149 0.3696159 0.5422692 
-0.5506594 -0.2618953 0.05555937 
0.4024449 0.5183839 0.4106163 
-0.4951419 0.5060991 0.3528698 
0.5823451 -0.1368928 0.2319768 
-0.3464555 -0.2559659 -0.7041509 
0.5753839 -0.2345542 -0.2658549 
-0.3291008 0.2874426 0.3426968 
-0.1866684 -0.1747371 -0.7361807 
0.1544363 0.167917 0.444952 
0.5991768 -0.02507495 0.255595 
0.6144422 -0.3599751 -0.1922685 
-0.4815901 -0.2615423 -0.004294094 
-0.4029952 -0.2526839 -0.4003868 
0.1196558 -0.2368739 -0.7443383 
-0.5884606 -0.3070227 -0.5817455 
-0.3612135 -0.2609741 0.01722074 
0.4246542 -0.2069515 -0.1989339 
-0.5337331 -0.2188929 -0.1492698 
0.4248434 -0.228441 0.1899502 
-0.3110105 0.766251 0.4645495 
-0.5843699 -0.2132894 0.194731 
-0.4320607 -0.1962406 -0.3163728 
0.4701928 -0.2282554 0.1907717 
-0.5314993 -0.1872267 0.1677314 
0.4855303 0.5796868 0.4257496 
0.447782 -0.1670673 -0.1142483 
-0.06690499 -0.247637 -0.05506506 
0.2422498 -0.2148926 -0.6931946 
-0.6276678 -0.08155607 -0.6430085 
0.2262513 -0.1813662 0.2306545 
0.3309558 0.2611879 0.3672055 
0.02435628 -0.1816782 -0.7455806 
0.01498984 -0.1990554 -0.2928918 
-0.07440501 -0.2233549 0.1984554 
-0.4815804 0.2015346 0.3231482 
0.1928089 -0.2491894 -0.5707254 
0.5698994 -0.223356 -0.4185863 
0.132444 -0.1723653 -0.3759029 
0.6637914 -0.1005298 -0.5065719 
-0.13098 -0.2409327 -0.3791887 
0.1177904 0.6186472 0.4896523 
-0.4821697 0.04070802 0.3049251 
0.4571906 0.3151584 0.399389 
0.4884489 -0.1293767 0.254027 
0.5633754 0.1935016 0.3490222 
-0.5535352 -0.2828398 -0.1589542 
0.5434145 -0.1993228 -0.6260158 
0.4129743 -0.2710453 -0.3920738 
0.3801125 -0.2674608 0.0505967 
-0.05111467 -0.1731277 -0.6812984 
-0.4791521 0.6316884 0.4910394 
0.04354173 -0.1746249 -0.06675337 
-0.2161131 0.09297562 0.3231978 
0.7614113 -0.2854196 -0.1459727 
-0.4479391 0.3017064 0.492711 
-0.3009751 -0.162872 -0.03593599 
0.1634743 -0.1255895 -0.1578062 
-0.5189284 -0.0726921 0.2337017 
0.4890218 -0.1554592 -0.6916109 
-0.4395241 0.1644033 0.3077903 
-0.2656388 0.570563 0.3945904 
0.01299389 -0.2345261 -0.3189895 
-0.3326771 -0.1645357 -0.1055031 
-0.1638301 -0.1619921 -0.6739891 
0.3932155 0.3321551 0.36978 
0.005955224 -0.1732919 -0.621878 
0.1014457 -0.130577 0.2638973 
0.5807199 -0.2155595 -0.09444071 
-0.4799613 0.05728078 0.2539735 
0.3951608 -0.1628584 -0.1593982 
-0.3596451 0.5160286 0.4660036 
-0.1611973 0.1198045 0.3328056 
-0.2329701 0.2285133 0.1833178 
0.3888244 0.3859636 0.4490095 
0.03244928 0.4534384 0.4490571 
0.2487976 -0.1792468 0.064461 
0.2403208 -0.246415 -0.05576444 
-0.5865871 0.6155531 0.4601303 
-0.4981771 -0.1729715 -0.7795882 
-0.5645161 -0.2278768 -0.208703 
0.03021706 0.05247619 0.2578629 
0.4708744 -0.2509558 0.003307851 
0.1696727 -0.2725704 -0.2411377 
-0.5983329 -0.3046698 -0.5716884 
0.09525535 -0.2493933 -0.5299569 
0.1680877 -0.1726646 -0.395893 
-0.2257844 -0.3639891 -0.4052235 
-0.5825586 0.2679647 0.3086132 
-0.5337822 -0.1873574 0.1814084 
-0.2740257 -0.2223576 -0.4232195 
-0.3416767 -0.1562807 -0.6959442 
0.2039459 -0.1665117 -0.05288845 
-0.3163351 -0.2343778 -0.2000739 
-0.2320786 -0.1750048 0.08930042 
-0.536592 -0.3515914 -0.6884335 
-0.2570397 -0.2250699 -0.4881681 
-0.3963329 -0.1720679 0.01805971 
-0.5214287 -0.2694854 -0.1244602 
-0.4682063 -0.01417953 0.2378172 
0.2596879 0.217295 0.3182001 
-0.08730437 -0.1595668 -0.4762481 
-0.5724827 0.07221762 0.3008411 
-0.5085776 -0.1766897 0.01040431 
0.2798576 -0.1733315 -0.6832813 
-0.0781771 -0.2415477 -0.2489434 
0.3020245 -0.1667264 -0.194166 
-0.02835404 -0.02745916 0.2871934 
0.09970145 -0.2670194 -0.2416662 
-0.342616 -0.2322893 0.1704081 
-0.4305008 -0.191337 0.1363476 
0.1028724 0.05933597 0.3159756 
-0.5095947 -0.153298 -0.38343 
-0.4204184 0.6489279 0.4814837 
-0.464673 0.0760224 0.2733803 
0.6407839 -0.08969259 -0.2310771 
0.5346487 0.5826671 0.4946303 
-0.5088699 0.4694983 0.377554 
-0.3499695 0.2361201 0.3734003 
-0.05322672 -0.1649519 -0.1910644 
0.5036334 0.1292438 0.2795274 
-0.3533843 -0.2410723 -0.5061042 
-0.2479661 -0.08484409 0.2720901 
0.02406807 0.7106413 0.3521854 
0.2979844 -0.2188502 -0.7353095 
0.0311891 -0.1079337 0.2650648 
0.1799868 -0.1661148 -0.7094085 
0.1677653 -0.05705599 0.1340044 
0.3072415 -0.2576599 -0.4641212 
-0.08687718 0.1940929 0.3639718 
0.4309562 -0.2435321 -0.7154757 
-0.2207172 -0.2940698 -0.1882098 
0.2743127 -0.1929059 -0.6242245 
0.4119633 0.4163085 0.3743694 
0.0244502 -0.0501518 0.2794646 
0.5363976 -0.07214818 0.2099206 
0.3256542 -0.166787 -0.4544125 
-0.3471545 -0.08915195 0.2051368 
0.4553646 0.5943333 0.4309956 
-0.1205428 0.4898253 0.4451251 
-0.4685229 -0.1648267 -0.6948631 
-0.593175 -0.1868826 0.1972573 
0.1395203 -0.216994 -0.5344089 
0.4244263 0.2742591 0.4693601 
-0.4362108 0.04980092 0.2563378 
0.5803415 0.2872207 0.3893632 
-0.05156823 -0.2207111 -0.8087869 
-0.1275411 0.3457447 0.3412927 
0.2645235 0.5620918 0.4764318 
-0.2166154 0.1594039 0.3633885 
0.5905217 0.6205907 0.4668322 
0.5692986 -0.1785167 0.07450928 
-0.4836724 -0.0723216 -0.6995526 
-0.2554044 -0.2275951 -0.6224563 
-0.212163 -0.2216855 -0.4848267 
0.3918488 -0.2258222 -0.218942 
0.502058 -0.2979579 -0.4214694 
0.2447236 -0.249317 -0.512759 
-0.2437761 0.6036629 0.4739983 
0.4804618 -0.2183698 -0.7969701 
-0.04177995 0.03683902 0.2490161 
0.02392776 -0.2401018 -0.688081 
0.1989604 -0.2453395 0.01972242 
0.3819236 -0.1905367 -0.2159714 
-0.1659241 -0.1679805 -0.6171397 
-0.3385878 -0.2329012 -0.7067214 
-0.5101893 -0.1642209 0.0911798 
-0.04437144 -0.2094645 -0.7352779 
0.3230233 -0.1634254 -0.5320677 
0.4533704 -0.2273063 -0.01499334 
0.4596469 -0.1990931 0.1202513 
-0.2984732 0.4541772 0.3940692 
-0.6101854 -0.151642 0.05420781 
0.1205197 0.2669623 0.3370423 
-0.6398689 0.2455137 0.3280301 
0.5034348 0.1091494 0.3236923 
-0.4448375 -0.1657145 -0.680746 
0.1693328 -0.2713752 -0.223415 
-0.3109189 -0.1775514 -0.5404648 
0.3894125 -0.2439457 -0.7936465 
-0.3758624 -0.1657753 0.0840603 
0.541116 -0.1598915 -0.4742088 
0.3413697 0.6175306 0.4901603 
0.1700159 -0.1696755 0.07455224 
0.4239393 -0.2683928 -0.3213355 
-0.01603328 -0.169019 -0.1314536 
0.1970288 0.2546335 0.3256645 
0.549708 0.3658621 0.3711183 
-0.06388081 -0.2440515 0.09315171 
0.2426499 0.1187618 0.3143722 
0.5889369 0.4899803 0.4315856 
-0.02255747 -0.005042648 0.2829735 
-0.2861284 0.5901231 0.4278925 
-0.4587761 0.6284053 0.4545311 
0.1173236 0.3472067 0.4056709 
0.4621966 0.5248105 0.4134657 
0.1811804 -0.08936886 0.212069 
0.2017663 -0.2129948 -0.7459432 
0.4571252 -0.2098966 -0.7853169 
-0.2864937 -0.1911478 -0.2215081 
-0.5164413 -0.1584021 0.2321648 
-0.2484747 0.5489857 0.4641968 
-0.2911192 0.0843619 0.2717027 
0.469634 0.04794189 0.258961 
0.3222791 0.4533716 0.4394326 
0.06831919 -0.09498683 0.21226 
-0.1163591 0.6170772 0.4794208 
-0.445201 0.192736 0.3431927 
-0.5430223 -0.1706164 -0.7220435 
-0.1368145 -0.09025122 0.2166378 
-0.1077318 0.5334191 0.4212404 
0.04666412 -0.2490302 0.03141785 
-0.4971536 -0.242555 -0.1570635 
-0.4135524 -0.2517973 -0.3481423 
0.3366 -0.1379963 0.2437216 
-0.3050296 0.4270243 0.3865848 
0.1579677 -0.16825 -0.5270555 
0.5254018 -0.04333682 0.2753513 
-0.3988365 -0.1676486 -0.5687144 
0.5435759 -0.1699853 -0.6809375 
0.499019 -0.2370779 -0.6468982 
-0.00538996 -0.2481556 -0.54702 
0.07637082 -0.1691572 0.1581066 
-0.5187998 -0.2291679 -0.7561474 
-0.3180403 0.1693877 0.2974053 
0.2142849 -0.1945571 -0.409793 
0.3792688 0.1040896 0.3278615 
0.48552 -0.1488633 0.1754854 
0.3921366 0.2369188 0.3290021 
0.0346965 -0.1762721 -0.7672665 
0.1739775 0.5703769 0.4338021 
0.2610027 -0.1724424 -0.3112668 
-0.1801107 0.602719 0.4357311 
-0.593419 -0.2103498 -0.3721858 
-0.305184 0.005113791 0.243913 
-0.5732735 0.4190784 0.3835192 
0.1697483 -0.159048 0.08944625 
0.261499 0.3465562 0.3580446 
-0.5492197 0.4902893 0.3931676 
-0.4026404 0.4918919 0.4069838 
-0.03499827 0.6295249 0.4636102 
-0.01342436 0.2707892 0.3667119 
0.09635327 -0.007604915 0.2907415 
0.3786148 0.3293916 0.4052863 
0.3331529 0.2811027 0.3464915 
-0.1216587 0.002568279 0.2941239 
0.1180323 0.4479538 0.3978977 
0.1809872 0.09993984 0.2805498 
-0.5940621 -0.2137952 -0.2857026 
-0.05871919 0.171552 0.3055005 
0.3570982 0.0349612 0.3026567 
0.3855387 -0.06323596 0.2212813 
-0.6048937 -0.2190514 -0.5726021 
-0.04748886 -0.1688018 -0.6144668 
-0.3462305 -0.2137398 -0.1987188 
0.5682637 -0.1848893 -0.5682428 
-0.1893487 -0.1647853 -0.1277871 
0.005253863 -0.1708626 -0.6956417 
-0.2433229 -0.2470582 -0.08797911 
0.4376407 -0.1626878 -0.1520563 
-0.4252841 -0.250076 -0.4617984 
-0.5376942 -0.1722933 -0.5956202 
-0.212073 -0.2330253 0.0649409 
-0.2827962 -0.1817616 -0.6317272 
0.4754601 -0.2130762 -0.4010976 
-0.5700286 0.06169662 0.2671077 
-0.551275 0.5864758 0.4888906 
-0.1855489 -0.224306 0.1392373 
-0.2052347 -0.2130308 0.2043426 
0.4546938 -0.2409961 0.1404584 
-0.03770585 -0.1721015 -0.01813925 
-0.5874323 -0.1845688 -0.1672672 
0.1737832 -0.1730705 -0.4360789 
-0.1642548 -0.1975112 -0.01691729 
0.6038278 -0.2036002 0.02083705 
0.5888091 -0.1940311 -0.370316 
-0.4898955 -0.1809643 -0.2249824 
-0.4630289 0.5907805 0.4170153 
-0.5083223 -0.2504402 -0.1314149 
0.4982901 -0.24502 -0.1867757 
-0.03149756 -0.2156154 -0.3794963 
-0.01877293 -0.1844556 -0.2167384 
0.3234946 -0.1681571 -0.5928813 
0.547398 -0.2387416 -0.04517244 
0.04560915 -0.2164487 -0.7168422 
-0.4850489 -0.2586161 0.07542798 
0.1431087 -0.2479525 0.05508409 
-0.3748173 -0.2214734 -0.683939 
-0.4608119 -0.2284922 0.109814 
0.1325381 -0.2363997 -0.7555417 
0.02116997 0.6015671 0.4781441 
0.2791136 -0.06865639 0.2202805 
0.3927911 -0.1796346 0.226244 
0.2225634 0.3969477 0.3754919 
-0.2317061 -0.001576653 0.2415638 
0.4558214 -0.1743589 -0.525493 
0.5662373 -0.2254821 -0.4471913 
0.01547936 0.1831451 0.3176228 
0.5184394 -0.1699723 0.04428121 
0.1190902 -0.1671221 -0.3087754 
-0.3754656 0.3696317 0.4086711 
-0.2479869 0.212722 0.3095531 
0.3784752 -0.2452754 0.03873976 
-0.1911275 -0.2213082 -0.03431312 
-0.1038807 -0.2339191 -0.7005533 
0.2248006 -0.2030547 -0.4340337 
-0.06941093 -0.1822688 -0.3271655 
0.1141997 -0.2359759 -0.5026027 
-0.4418563 0.5282401 0.4656333 
0.5252751 0.006129475 0.2371243 
0.5069566 0.4897919 0.4571814 
0.4116327 -0.1729774 -0.02413127 
-0.06563809 -0.1711983 -0.07428005 
0.2076141 -0.1701745 -0.01403135 
0.4566873 0.5975649 0.4646332 
0.2966411 0.5680715 0.4306273 
-0.5373729 0.3748487 0.4102958 
0.4588352 0.2843185 0.3849677 
-0.5057425 0.4695389 0.4017721 
-0.4812908 0.3388438 0.3543498 
0.2581314 -0.1226663 0.2485067 
0.06385548 0.5315078 0.469436 
-0.1673805 -0.1428636 0.2463394 
0.006056629 -0.169998 0.1572526 
0.4701618 -0.1706591 -0.2928702 
0.360388 -0.1569537 0.1673212 
0.1031999 0.6219872 0.477714 
-0.2487065 -0.09916916 0.2058917 
0.5746803 0.06118745 0.2881045 
-0.1028302 -0.1626259 -0.2340019 
-0.01644989 0.4959863 0.414925 
-0.1642283 0.5011367 0.4551264 
-0.168925 -0.1840158 -0.7534514 
-0.03124207 0.3953197 0.3750973 
-0.1867193 0.4207741 0.3899801 
-0.3611433 -0.168729 -0.2710565 
0.552996 0.4274429 0.3870121 
0.3933704 0.522095 0.4617761 
0.1954129 -0.009891693 0.2904128 
0.5604687 -0.1723636 -0.01006351 
0.2311259 -0.1617029 0.1551763 
0.1220927 0.5449497 0.4751976 
0.2173853 -0.2175921 0.2024671 
0.5504587 -0.2482145 -0.4167664 
0.5907567 -0.2110299 -0.6770621 
0.0456496 -0.2514329 -0.3345327 
-0.4823057 -0.06115471 0.2307334 
0.4092857 -0.2393237 -0.5432826 
-0.06925784 -0.01594033 0.2886136 
-0.09517793 -0.1700803 -0.4409121 
-0.1858332 -0.1974261 -0.03198326 
-0.1994917 -0.217519 -0.4584242 
-0.5630015 -0.1629612 -0.04709582 
-0.2532496 -0.2698338 -0.1624015 
-0.5527535 0.2125341 0.2950066 
-0.1085463 -0.23419 -0.5266826 
-0.1783337 0.6209619 0.4797513 
0.05431515 0.4482185 0.3946947 
0.1141779 -0.1612142 -0.1793392 
0.2879721 0.1000543 0.3207203 
-0.1317021 0.3570218 0.3617262 
0.4911965 0.183515 0.3500453 
-0.3118153 0.1048973 0.3295161 
-0.3783638 -0.1960422 -0.7740879 
-0.2712496 -0.1642337 0.04090661 
-0.1329377 0.3182762 0.3646412 
-0.2216946 -0.1777826 -0.6375372 
0.137964 -0.2579702 -0.1534577 
-0.002445199 -0.2457364 -0.0663144 
-0.1107983 -0.1761851 -0.7136603 
0.5044111 -0.1948806 0.2209405 
0.05043536 -0.2517714 -0.1063404 
0.2253892 -0.224263 -0.5557289 
0.5681781 -0.1748712 -0.2148268 
-0.3764228 -0.2108123 0.1962723 
0.2675958 0.4456174 0.406405 
-0.4248754 0.1304058 0.2922681 
0.2159483 -0.1849959 -0.7480287 
0.3992377 -0.1736103 -0.5044844 
0.4358528 -0.2254732 -0.3747455 
0.4016234 -0.2476175 -0.6716623 
-0.5372257 -0.2446605 -0.4341144 
-0.3695217 -0.2506641 -0.5741385 
0.5557162 0.3114179 0.3889936 
0.5623664 -0.1768172 -0.4771142 
-0.3007472 -0.1706283 -0.3124565 
-0.4195595 -0.1156486 0.1901075 
0.1601588 0.2056137 0.314531 
0.5545887 0.2111343 0.3115472 
-0.3174225 -0.1333838 0.2463707 
-0.0829109 -0.1564879 0.1848251 
-0.08731214 0.4238858 0.4042149 
0.1925201 0.6058747 0.4783669 
0.5449698 0.5946331 0.4488003 
0.3284293 0.1851743 0.3052519 
-0.5108389 -0.170912 -0.07158727 
0.5681648 -0.1946631 -0.7498487 
0.1158143 -0.1824403 -0.5629123 
-0.587638 -0.2120292 0.1838574 
0.3855404 -0.1732666 -0.2713701 
-0.3898372 0.5165209 0.4617979 
0.39834 -0.22956 0.1525713 
0.1670442 0.2740679 0.3810785 
0.5456589 0.1535632 0.2894223 
0.1777586 -0.2518885 -0.3540361 
-0.05147563 -0.2448957 -0.6378424 
0.5542746 -0.2413507 -0.2291498 
-0.08082607 -0.2420825 -0.201591 
-0.5829244 0.1347855 0.3033853 
0.2105678 0.3089252 0.3411775 
0.03213347 -0.009278729 0.2369133 
-0.2009692 -0.03273217 0.2324795 
0.2304253 0.5076432 0.411355 
-0.4392333 0.00385761 0.2925939 
-0.4516782 -0.1664964 0.0129594 
-0.3052256 -0.2452754 0.1301592 
-0.3741509 -0.06718151 0.2663498 
-0.3957669 0.06860357 0.3138556 
-0.2278374 0.2965665 0.3845299 
-0.2202996 0.3862666 0.4134639 
-0.1579545 0.09183887 0.3126577 
0.2447865 -0.1651226 -0.1160198 
-0.3965639 -0.1662002 -0.07418896 
-0.2840911 0.4441465 0.434993 
0.005005168 -0.1726576 -0.3096833 
-0.4884596 0.2843467 0.383749 
-0.5594607 -0.1668081 -0.4175981 
0.5937516 -0.05492133 0.22924 
-0.4518454 -0.1974051 0.1467107 
0.2358209 0.1860995 0.3739107 
-0.06497668 0.2845542 0.3827269 
-0.021688 -0.1730775 0.03967582 
0.4776103 -0.09941285 0.2066375 
-0.5105219 0.4805647 0.4371849 
-0.3418749 -0.1796383 -0.7424402 
0.4256983 -0.2455833 -0.2368802 
-0.0301802 -0.2408645 -0.3484763 
0.5718393 -0.211169 0.1585896 
0.4135712 0.3568633 0.3642704 
-0.2641774 -0.2422122 -0.2867794 
-0.3705131 -0.253645 -0.4733848 
-0.2166601 -0.2213226 -0.7245429 
-0.07905034 0.03266847 0.2532515 
0.04605663 -0.1826655 -0.4867869 
-0.2910778 -0.2507868 0.01776505 
-0.4685115 -0.216667 -0.2238099 
-0.08414014 -0.1656346 -0.5691864 
-0.418886 -0.2461787 -0.05999702 
-0.002677084 -0.2349515 -0.263997 
0.475107 -0.2449116 -0.4320118 
0.272226 -0.2398994 -0.6917772 
-0.3476625 -0.2448269 -0.3702063 
-0.4645953 -0.2478829 -0.5203188 
-0.143014 -0.2470691 -0.2956737 
-0.1567784 -0.2214358 -0.01039211 
0.174287 -0.2470418 -0.6522068 
0.2862283 -0.2287847 -0.7194682 
-0.1422455 -0.2573466 -0.1032109 
-0.5015632 -0.04536876 0.2543595 
-0.2488972 0.4341242 0.3872647 
-0.4610336 -0.2364617 -0.7464568 
-0.516441 0.6021644 0.4396489 
0.1610405 -0.1796488 0.2363029 
-0.3405535 -0.01574956 0.2813474 
-0.3090111 -0.2152848 -0.7215793 
-0.3441701 -0.1783861 -0.3836178 
0.2645785 -0.1946488 -0.5611659 
-0.550626 0.04059764 0.3039294 
-0.0129764 -0.20706 -0.7502384 
-0.4532464 -0.1594124 0.2346467 
0.5086875 -0.1697703 -0.5312882 
-0.5899927 -0.222046 -0.1009525 
-0.12869 -0.2350938 0.1414003 
0.4492962 0.1109305 0.3286523 
-0.5029764 -0.2439138 -0.2797817 
0.01400866 -0.1946175 0.2163193 
-0.05876314 -0.1666922 0.2096153 
-0.1100857 0.1072021 0.2983609 
0.5585826 -0.09601442 0.2535106 
0.4509374 -0.1459903 -0.2111017 
-0.2555502 -0.1675991 0.1471512 
-0.06326544 -0.2478914 -0.5338357 
0.5732687 -0.2387763 -0.5409716 
0.1561424 0.1657762 0.353705 
-0.4462415 0.410872 0.4257802 
-0.07580321 -0.1621384 0.1428874 
0.02874597 0.2706726 0.3523262 
0.3328267 -0.2494359 0.07666627 
-0.5924867 -0.2361795 -0.1873786 
-0.3492711 -0.247773 0.0879932 
0.02746418 0.4461366 0.4317806 
0.01867687 0.3600407 0.4040955 
0.06130163 0.1424575 0.2926975 
0.4278262 -0.02270829 0.2853313 
-0.3179608 0.1981584 0.3590431 
0.1805826 -0.07172251 0.2695712 
0.09722875 -0.02608936 0.2333867 
0.5599304 0.1163286 0.3061062 
0.5150037 0.611246 0.4826114 
-0.1714862 -0.170367 -0.355754 
0.5687054 0.5066983 0.4584912 
-0.5520815 0.3698241 0.3619177 
-0.5644896 -0.196235 0.2109766 
-0.1213038 -0.1687525 -0.1371812 
0.08955968 0.247217 0.328923 
-0.58918 0.5244742 0.4291777 
0.2986572 -0.1712668 -0.09905241 
0.547369 -0.1623047 0.152602 
0.5422598 0.2746206 0.3330559 
-0.3898804 -0.1705311 -0.454669 
-0.4154346 0.218635 0.3329208 
0.4136838 -0.2449736 -0.1021918 
0.2586574 -0.1703893 -0.6378615 
0.4138589 -0.2437048 -0.3645625 
0.1109527 -0.2422377 0.09064725 
-0.2062954 0.4847122 0.409813 
-0.584575 0.375603 0.3936391 
0.4340083 -0.1976659 -0.4738467 
0.07462978 -0.2452694 -0.03074497 
0.4910434 -0.2488047 -0.0234846 
0.2756971 0.6353997 0.4721219 
0.5270875 -0.2254082 0.1250255 
-0.2420194 0.10969 0.2824093 
0.2027375 -0.139592 0.1898486 
-0.6011508 -0.2144742 -0.5004764 
0.357279 0.5402274 0.4205429 
0.5879897 -0.1966408 0.09909832 
-0.5372497 -0.06291747 0.2270093 
0.2398759 0.1249208 0.3181358 
-0.3489126 0.6073872 0.4572221 
0.02297852 0.2227983 0.3480211 
-0.3545977 0.4059793 0.3810131 
0.4829386 0.06285473 0.3107411 
0.3107758 0.3371629 0.3820733 
0.0548777 -0.1720472 -0.02513904 
0.5815371 -0.1882924 -0.721921 
0.3713889 0.605314 0.447234 
-0.5909706 0.3108886 0.3672427 
0.230686 -0.1760714 0.05191279 
0.585898 -0.2133545 -0.04146171 
-0.05974424 -0.1653753 -0.492083 
-0.05915479 -0.08846306 0.2194407 
-0.516658 -0.1704584 -0.546192 
-0.01218927 -0.2452329 -0.4897907 
-0.439306 -0.2469478 -0.08426531 
0.01688809 -0.2558609 -0.5952266 
0.4769628 -0.2683203 -0.3411126 
-0.1932111 -0.2361213 -0.6268882 
0.544316 -0.209174 -0.6568557 
-0.3230727 0.3503193 0.3869598 
-0.3966955 0.3033305 0.3557505 
-0.5866491 -0.2272758 -0.4127905 
-0.1587844 0.1540414 0.3480843 
0.427871 0.1008149 0.2752051 
0.2625324 0.4828925 0.4376342 
-0.05194015 0.5486588 0.4290099 
-0.5392283 -0.1760773 -0.1370744 
0.06751125 -0.1639592 -0.2678867 
-0.5371416 -0.1835116 -0.3649291 
0.2993878 0.2681718 0.373479 
-0.4748927 0.2060962 0.307054 
0.4719107 -0.1662445 -0.10518 
0.08111268 -0.2345005 0.1529361 
0.01297442 -0.2357978 0.1542419 
-0.1291682 0.1502751 0.3005515 
-0.04312602 0.1165683 0.2801821 
0.1946311 0.4693483 0.4064058 
0.3124751 -0.02023123 0.2356647 
0.4983045 -0.0008862204 0.2897448 
0.4066375 0.4501766 0.3866037 
-0.4035843 -0.07321836 0.217288 
-0.1764185 -0.1882986 0.1075379 
-0.0867033 -0.2267091 0.1818101 
0.5981879 -0.1966132 -0.1915692 
-0.5801855 0.4820983 0.4366065 
0.361555 -0.1717883 -0.3359644 
-0.09426828 0.3285551 0.3857489 
-0.3446908 0.299994 0.3754054 
0.18109 0.3682904 0.4126244 
-0.5862558 0.4242995 0.4139171 
-0.4883829 0.1255353 0.3330604 
0.3448601 0.3302352 0.3682406 
0.1034846 0.3848954 0.3734373 
-0.2560735 -0.03666105 0.2800133 
0.1924317 -0.2276724 0.1537333 
-0.5629317 -0.1357716 0.2323175 
0.3360652 -0.1864898 -0.7396524 
0.221719 0.1848109 0.3734731 
-0.2628637 0.2201761 0.3660845 
0.3371173 -0.1735471 0.008875427 
-0.3222657 0.5357416 0.4472179 
0.04443823 0.5222217 0.4158155 
-0.5980397 -0.2156213 -0.7332709 
-0.04512997 0.3176328 0.3483196 
-0.03527249 0.2051955 0.3472204 
0.3849404 -0.1275131 0.2488197 
0.112295 0.05979019 0.26094 
0.5841056 -0.2227367 -0.5956771 
-0.1999689 0.5617763 0.4730386 
-0.2898035 0.2496572 0.3199379 
-0.05458862 -0.1733208 0.1813338 
-0.4971637 -0.1818785 -0.4030402 
-0.5904891 -0.2097677 -0.645326 
-0.192444 -0.08888721 0.2117294 
0.02547582 0.6119279 0.4471262 
0.1796971 -0.1601379 -0.2099697 
-0.2419655 0.4915098 0.4514214 
0.0910454 0.2943009 0.3964097 
0.1454733 0.6057223 0.4549891 
-0.557992 -0.2354038 -0.7288793 
-0.1569352 0.4147591 0.4184881 
0.496253 0.3894681 0.3692407 
-0.07272583 0.4960003 0.4140685 
0.2558299 0.5618201 0.4655821 
0.2510788 0.2953898 0.3844633 
-0.3292386 -0.06214048 0.2645799 
-0.5590946 0.1582327 0.2921092 
-0.2279751 0.04599488 0.2618547 
0.07414553 0.05506823 0.3119852 
-0.4601316 0.03497115 0.2533828 
-0.09544551 0.5717815 0.4722637 
-0.5777794 -0.02995959 0.2439953 
-0.2340674 0.6070089 0.4302625 
0.1678981 -0.1659288 0.1555188 
0.4207864 -0.1704341 -0.6167213 
-0.01426913 -0.2526232 0.0946084 
-0.3028528 -0.2470907 -0.1013936 
0.3932077 -0.2479889 -0.5990683 
-0.2570755 -0.2364124 -0.3235105 
-0.1007281 -0.2425586 -0.6236933 
0.4415769 -0.2476491 -0.6895111 
-0.4576322 -0.2525689 -0.4172936 
0.2884549 -0.2453512 -0.2177442 
0.2258915 -0.2447178 -0.03712313 
0.3328118 -0.1708292 -0.4161987 
-0.4120592 0.6291355 0.476779 
0.3854707 0.05330588 0.261117 
-0.4171339 -0.04456688 0.2746259 
0.5470497 -0.1676897 0.229685 
-0.5363622 -0.01945378 0.2861624 
0.08335512 0.4315796 0.4306041 
0.3571708 -0.1046114 0.2042659 
0.3784835 0.1589935 0.2962887 
0.5839258 -0.1903415 -0.08424367 
0.2860561 -0.1705013 -0.2159859 
0.2740358 -0.1417356 0.189436 
-0.5813866 0.009149779 0.2840787 
-0.5300013 -0.2350432 0.0133784 
-0.53759 -0.1673239 0.08196554 
-0.4258872 -0.2470752 -0.5962873 
-0.5317688 -0.2454332 -0.636591 
0.5507129 -0.2331707 -0.6010923 
0.2975504 -0.2446357 -0.2883551 
0.3212985 -0.246104 -0.5405139 
-0.3493144 -0.2260635 -0.2613439 
-0.003425556 -0.1708546 -0.5804789 
0.3362527 -0.2443299 -0.06682025 
-0.2738647 -0.2125309 -0.4033431 
-0.04478485 -0.2458721 -0.09534255 
0.2034029 -0.1779983 -0.6303189 
-0.3515898 -0.248268 -0.6782777 
0.5781746 0.4019377 0.4010182 
-0.02597661 -0.005915958 0.272322 
0.1456399 0.004096132 0.294664 
0.4561839 -0.1861231 0.2278548 
0.4456215 -0.1972391 0.1487855 
0.2274617 -0.1625923 -0.1652959 
0.08335797 0.6036617 0.4855435 
0.08897842 -0.1362521 0.1893342 
-0.06762804 0.5053893 0.441264 
0.2771297 -0.1552905 0.2182963 
0.02808576 0.4058514 0.384395 
-0.4816771 0.23735 0.3665316 
0.470371 0.3484862 0.3605731 
-0.404264 0.3524485 0.3730074 
-0.3425308 -0.1647123 -0.03084066 
0.2585355 0.07434015 0.2704151 
0.3217659 0.1374005 0.2905171 
-0.144837 -0.08210376 0.2677842 
-0.4522866 0.5110379 0.4203191 
0.003934272 -0.04152638 0.2797854 
-0.310702 0.374859 0.3804059 
-0.4884504 0.3474784 0.4052386 
0.3476801 0.4096878 0.4376313 
0.3790851 0.2835746 0.3643134 
0.5814031 -0.1563439 0.1986286 
-0.5164099 0.05979121 0.2590186 
-0.3211972 0.2961659 0.3506074 
0.1670552 0.523678 0.4174403 
-0.4009481 0.6086715 0.4523428 
0.5106182 -0.1837336 -0.3933945 
-0.1995455 -0.1716464 -0.2350315 
-0.07520325 0.6299543 0.46167 
0.2164315 0.6180176 0.4625757 
0.4562108 0.2634678 0.3338425 
-0.1853045 0.009333883 0.2520457 
-0.4396383 0.1610003 0.3025821 
0.4226751 -0.181465 0.112636 
-0.1615839 0.2638031 0.3426495 
0.5026045 -0.2442903 0.02343892 
-0.4749543 -0.1689355 -0.6514719 
-0.1088906 -0.2494584 -0.05335348 
-0.1633826 -0.2315615 -0.7196124 
-0.2239831 -0.2338291 -0.5011749 
-0.1713058 -0.1717508 -0.6448638 
-0.3519727 -0.1893059 -0.6952397 
-0.2650386 -0.2229142 -0.3676713 
-0.5679783 -0.1742603 -0.544166 
-0.273085 -0.2801248 -0.2075692 
0.4550954 -0.2595996 -0.2702483 
0.4618402 -0.1742507 0.1274661 
-0.2923449 -0.2249887 -0.3730722 
-0.4652793 -0.1821749 -0.1750642 
0.04722244 -0.001584385 0.2916364 
-0.1802917 -0.2370469 -0.4320838 
0.3294547 0.618776 0.4665216 
-0.0830755 0.3638766 0.356781 
0.586534 -0.2170597 0.05581734 
-0.1988333 -0.1810383 0.03859244 
0.2094865 -0.1190393 0.2559076 
-0.5651612 0.5905319 0.4392844 
0.3359257 0.4493827 0.3899206 
-0.2282238 -0.2390873 0.1164888 
-0.1121182 -0.1617281 0.1981149 
-0.390633 -0.002296683 0.291832 
0.3040822 0.5207545 0.4508009 
0.5066269 0.08952122 0.2674971 
-0.2167454 -0.1843591 -0.4388008 
0.04065853 -0.2351876 -0.4350921 
0.5027781 0.4008588 0.4175101 
0.5470066 -0.2374759 -0.09450886 
0.1778855 -0.2552727 -0.2578976 
-0.03366941 0.5948985 0.441424 
0.4269091 0.335513 0.4055128 
0.1458759 0.3541014 0.362612 
-0.05842944 0.27861 0.3449778 
0.0831501 0.4865203 0.4527367 
0.3080475 0.04669528 0.2594036 
0.5530727 -0.1742667 -0.348641 
-0.5088207 -0.2557948 -0.3274856 
0.5141821 -0.2181231 0.09480105 
-0.1713215 -0.1791492 -0.5328547 
-0.05540098 -0.2510344 0.00649754 
0.4885892 -0.08649507 0.2635038 
0.1700622 -0.2464037 -0.6054466 
0.5830917 0.6275022 0.4763056 
-0.4110816 -0.1700559 -0.2782432 
0.3009942 0.1401349 0.3450163 
-0.2768223 0.2960809 0.3845918 
-0.4750566 0.09017833 0.2728562 
-0.298453 -0.1965839 -0.737817 
-0.5834405 -0.1786478 -0.6810774 
0.3135642 0.3490054 0.3776718 
0.4515111 0.4083481 0.3719561 
0.5016903 0.6556054 0.4862046 
-0.01225888 0.5053293 0.4648874 
-0.1156078 0.1769787 0.3479353 
-0.4320674 -0.1683911 0.144395 
-0.3484918 -0.1498116 0.1717079 
-0.5683708 -0.1806183 0.02180224 
0.4155409 -0.1805037 -0.736555 
-0.3335036 0.05324612 0.2615629 
0.58987 -0.1442794 -0.5926365 
-0.2849086 -0.04221478 0.2273871 
0.05422577 0.1786356 0.3489777 
0.428937 -0.1497861 0.2440056 
0.06846008 0.2994778 0.3477948 
0.1951219 0.3595724 0.3630357 
0.2092663 -0.02630786 0.2349346 
0.5712467 0.2437925 0.3368489 
0.5600893 -0.216675 -0.7512931 
0.3572603 0.4908477 0.4526717 
0.2961103 0.1251295 0.3256743 
-0.6041019 -0.2708056 -0.5693391 
0.03919967 -0.1388757 0.2490631 
-0.1852917 0.2001256 0.3133636 
0.04013573 0.3049919 0.3914827 
0.5333881 0.4691119 0.3963755 
-0.07131997 -0.1764768 -0.4072987 
-0.01636487 0.08866753 0.3194605 
0.1637549 -0.1680622 -0.03528364 
-0.3403919 0.4595956 0.397755 
-0.5100212 -0.173162 0.03763188 
-0.01726308 -0.2137711 -0.7765347 
0.4420684 0.5345189 0.4674995 
0.128096 -0.2152014 -0.4285652 
-0.1073053 0.2628806 0.3693431 
0.4565454 -0.1689311 -0.0453438 
-0.4105441 0.4537643 0.4435745 
-0.2780189 0.5456719 0.4536725 
-0.3670797 0.5662717 0.4678255 
-0.1452754 -0.1659958 -0.243049 
0.4207996 0.1852001 0.3051028 
0.1048357 -0.1628547 -0.2335458 
-0.1292308 0.5772288 0.4317834 
0.2542141 -0.1500569 0.1994593 
0.5656204 0.5554532 0.4281778 
0.1177084 -0.1001847 0.2076189 
0.4496863 -0.1690656 0.009959402 
0.01249116 -0.1725304 -0.003699876 
-0.6003254 -0.1992695 -0.05201831 
-0.5867789 0.1426777 0.3131447 
-0.5794839 -0.1734042 0.1777168 
-0.2226217 -0.1657904 -0.1460352 
-0.2910778 -0.169537 0.2322532 
0.2950197 -0.1680457 -0.4803169 
-0.164193 -0.2508423 -0.2573542 
-0.2445877 -0.2077257 -0.5266864 
-0.4430917 -0.2489662 -0.04063535 
-0.1074374 -0.2388545 0.06418009 
-0.3365115 -0.2558805 -0.59781 
0.2609702 -0.2285287 -0.7132983 
0.34722 -0.2571677 -0.4454409 
0.04718799 -0.1697951 -0.6731405 
-0.5245819 -0.2549787 -0.1139904 
-0.3234974 -0.2296533 -0.1827878 
0.3931754 -0.2426451 -0.185452 
-0.2671266 -0.2102785 -0.4627365 
0.3569502 -0.1714542 -0.6383992 
0.2867678 -0.2422104 0.1089814 
0.322443 -0.2504377 -0.3593547 
-0.3019518 -0.2565294 -0.1748833 
-0.5773968 0.2710375 0.3677382 
-0.5624745 -0.2408794 -0.129956 
-0.5806465 0.5834805 0.4653193 
0.3503554 0.6095626 0.4575299 
0.1900879 -0.2359829 0.08432474 
0.4495274 -0.1669111 -0.6587237 
0.2094356 0.1358324 0.3170255 
0.1940154 0.1228357 0.3167181 
0.118117 -0.1681258 -0.09010668 
-0.5884905 -0.08786303 0.2428051 
-0.2978595 -0.2305009 0.1776903 
-0.5962984 -0.2272491 -0.1468264 
-0.389595 -0.1792236 0.08552425 
-0.6092078 -0.1804924 -0.2399542 
-0.2066593 0.3225913 0.3471133 
-0.1079622 0.0470516 0.3020951 
0.4628902 -0.05811214 0.2226339 
0.152939 0.3163129 0.3953506 
-0.368919 0.1912253 0.3516205 
0.1967683 0.4176626 0.4135594 
0.5965782 -0.2106078 -0.306588 
-0.1007473 0.4020456 0.3901348 
-0.05655675 0.08012938 0.2649954 
0.0750847 0.09876563 0.2753072 
0.3934653 -0.2139331 0.2013204 
0.4255572 -0.1534913 0.1718596 
-0.5595884 -0.228977 0.1635427 
-0.5068058 0.5395674 0.3990276 
0.1459272 0.2511457 0.3302038 
0.04056041 -0.177614 0.1267601 
0.4490107 0.1618503 0.3444331 
0.1640346 -0.1578809 0.07938038 
-0.5157592 0.5200555 0.4603849 
0.2881377 -0.1440028 0.2014652 
-0.1761704 -0.1584291 0.1465183 
0.01199948 -0.08035478 0.2191127 
-0.2347557 0.3921579 0.3707838 
-0.5867947 -0.214588 -0.4571568 
0.5518434 -0.2289995 -0.4202193 
-0.1856935 -0.1845319 0.2240704 
0.4911082 0.2361769 0.3702103 
-0.5892851 -0.1741734 -0.4903668 
0.5855065 0.5868364 0.4672819 
0.2731665 -0.1882741 -0.7404494 
-0.197784 -0.1991897 -0.7680577 
0.2842377 -0.1700794 -0.4198694 
-0.5026571 0.2302594 0.3344344 
0.5149548 0.5493469 0.4201693 
0.4251761 0.6017525 0.4479763 
0.5885717 -0.2103321 -0.4917902 
0.3782921 0.220925 0.3618994 
-0.3899654 -0.173049 -0.3765538 
0.5872039 0.1934624 0.3358429 
0.08098067 -0.1687464 -0.3740969 
-0.4798481 -0.1938235 0.2172327 
-0.3637772 0.1539419 0.2977779 
0.1619331 -0.1138185 0.2613319 
0.5992622 -0.01894155 0.2533584 
-0.1549036 0.2512426 0.3434724 
-0.2704894 0.1483662 0.2901427 
-0.3123277 0.05133605 0.3067012 
0.08115862 -0.1756551 0.05738124 
-0.3687293 0.0257901 0.2521161 
0.4703169 0.4363149 0.4370062 
0.0003337951 0.4283449 0.4003564 
0.5050723 0.1914978 0.3028626 
0.3784955 -0.007362906 0.2885251 
0.2092526 0.05811888 0.2635167 
-0.5462133 0.5224518 0.4074692 
0.4047081 -0.1848025 0.11903 
0.573088 -0.02603098 0.232506 
-0.1443325 -0.2116301 -0.7591277 
-0.3899635 0.2578399 0.3312424 
0.4938157 -0.1892136 -0.7638569 
-0.2778545 -0.2388983 -0.5437612 
-0.2457229 -0.1799497 -0.7027638 
0.2234768 -0.2492218 -0.3277392 
-0.1788285 -0.2533052 -0.09097649 
0.02642762 -0.1728436 -0.3578447 
-0.5707356 0.6184216 0.4618194 
-0.248573 -0.2062065 0.2100409 
-0.2283619 0.3430952 0.4036603 
-0.2119195 0.2354423 0.3599617 
0.4565886 0.4820732 0.4005414 
0.08761431 0.4161146 0.4237204 
0.4615528 -0.2495374 -0.2140189 
-0.1452323 0.2886503 0.3427069 
-0.04067394 -0.2350758 -0.1727072 
-0.1500307 0.5166888 0.4167952 
-0.3207898 -0.1771197 -0.582093 
0.554921 0.2049124 0.3570707 
-0.1493601 0.369661 0.4021171 
0.2832009 -0.2268209 -0.6818946 
0.279625 -0.2442348 0.05985095 
0.466971 -0.1868911 -0.5009326 
0.07842837 -0.2455034 0.06402428 
0.1769905 -0.25186 -0.1283395 
-0.01629687 -0.1715056 -0.6520247 
-0.5641323 -0.2499491 0.0992872 
-0.5518458 -0.2313981 -0.3876224 
-0.2396558 0.5429866 0.4311578 
-0.2016451 0.08463521 0.2827404 
0.02213277 -0.1304467 0.2013738 
0.5678958 -0.004686002 0.2799976 
0.07611416 0.139977 0.3381684 
-0.3472698 -0.1808935 -0.1485872 
-0.5928294 -0.2110931 -0.2336372 
0.5642621 0.3247227 0.3916472 
-0.5140741 -0.1365111 0.1739254 
0.02616619 0.1163527 0.2832425 
0.3991868 0.5650319 0.4716614 
0.2770097 0.2267303 0.3167743 
-0.5054784 -0.03981597 0.227287 
0.4001261 -0.05724682 0.2725891 
0.5750719 0.3856441 0.379577 
0.2726744 -0.03906238 0.2796174 
0.2371271 0.3857037 0.4133336 
-0.08746648 0.2362433 0.3277496 
0.02572232 -0.1771283 0.07364011 
-0.03489181 -0.04255258 0.2790834 
0.2938569 -0.09712747 0.259138 
-0.1408938 0.4525645 0.422431 
0.1251069 0.01705255 0.2457082 
0.4277371 -0.02680607 0.2363367 
0.3781829 -0.1687566 -0.1429838 
-0.4673902 -0.1692633 -0.5317522 
0.5661093 -0.2132311 -0.6447785 
-0.6127332 0.2815872 0.3286168 
0.2651024 -0.2480036 -0.3070037 
0.1265211 -0.2567063 -0.3039554 
0.4207415 -0.2499283 -0.02074458 
0.3364763 -0.03442395 0.279863 
-0.5098752 -0.2269345 -0.3905613 
0.2423556 -0.2351767 -0.7003636 
0.1107015 -0.1987433 -0.5797413 
-0.2184255 -0.2168514 -0.4350325 
-0.4679027 -0.2521227 -0.09979844 
0.3275097 0.2437271 0.324684 
-0.005749891 -0.2462629 -0.6524218 
0.07537112 0.01585354 0.2493935 
-0.5705342 0.1044541 0.2798396 
0.5676809 -0.1779468 0.09627666 
-0.34832 0.5510778 0.4315524 
0.004825136 0.3062641 0.3501624 
-0.4462441 0.1476483 0.3365244 
-0.5392842 -0.1880626 -0.2914937 
-0.55357 0.2616526 0.3226862 
-0.5086647 0.617919 0.4924481 
0.112933 -0.2292013 -0.439631 
-0.3441222 -0.1780448 -0.4397776 
0.5245669 -0.1665275 -0.2188584 
-0.09507094 -0.1729116 -0.03864835 
0.5963236 -0.1916093 0.01169526 
-0.4887512 -0.1274245 0.2476674 
0.2312597 -0.2382743 0.1297656 
0.1896067 0.6176384 0.4590595 
-0.04829621 0.4175838 0.4196782 
0.005288771 0.172763 0.3478077 
0.3160388 -0.2257236 0.1912478 
0.560384 0.05110049 0.2522545 
-0.0843012 -0.05540209 0.2375924 
0.02528601 -0.1760415 -0.26717 
-0.5312834 0.08957538 0.318103 
0.3078139 -0.1739335 -0.3276044 
0.5338129 0.07963441 0.3094733 
-0.06212201 0.1537299 0.347009 
-0.342865 0.6165662 0.4794926 
0.1878332 -0.1684475 -0.2644067 
0.05495792 -0.04502206 0.2255232 
-0.408886 -0.1795634 0.1116406 
-0.002288998 0.6193292 0.4645222 
-0.5951724 -0.196768 -0.3245437 
-0.07623035 0.4291291 0.4014812 
0.1675336 0.1460025 0.3339837 
-0.2873116 -0.1593159 -0.06879466 
0.3766103 -0.1688479 -0.2273424 
-0.2910747 -0.1676018 0.08821801 
0.5489592 0.308835 0.3897887 
-0.4674178 0.1768235 0.3102309 
-0.4393527 0.3161713 0.351032 
-0.012744 -0.2172658 -0.4125374 
0.2457047 0.6118644 0.4716645 
-0.4330061 0.5524626 0.4737481 
-0.5842776 -0.1410484 0.1983992 
0.3814503 0.4157476 0.3765158 
-0.5774837 0.07555839 0.2885105 
-0.3137773 0.495413 0.4163201 
-0.1136662 -0.04464573 0.2626159 
0.258415 -0.2109191 0.2109206 
0.1719163 0.5621639 0.4782085 
0.5266524 -0.2046075 0.1983109 
0.3213348 -0.1755399 0.06234746 
-0.5361795 -0.1603222 -0.3422723 
-0.5770102 0.186445 0.3424214 
0.2220239 0.1040854 0.2884005 
0.03334212 -0.1737229 -0.7456842 
-0.4883992 0.4013728 0.4216632 
0.5869488 0.3368593 0.3584978 
0.1291961 -0.1593183 -0.1286385 
0.1302247 -0.2283019 0.1639676 
0.22249 0.5504267 0.421833 
-0.3533299 -0.1647668 0.009894634 
-0.199388 -0.1701055 -0.278428 
-0.1579842 0.1147426 0.2917043 
0.1173748 0.03204951 0.3042153 
-0.09906201 -0.179827 0.2086256 
0.2569676 0.1146005 0.3250027 
0.3714582 0.1167734 0.2820743 
-0.2552793 -0.1827556 -0.2827469 
0.1859266 -0.1956836 -0.4134968 
-0.4041502 -0.171241 -0.3214318 
0.1811702 0.004878044 0.2443993 
-0.4849132 -0.2175143 -0.7727337 
-0.1994775 -0.2475887 -0.2859344 
0.2658713 -0.245925 0.009146962 
0.4407623 -0.2532563 0.05327771 
0.4246404 -0.2199565 -0.4879249 
0.1303107 -0.2476898 -0.05490699 
0.236297 -0.2469099 -0.1950404 
0.1499451 -0.2476478 -0.09255749 
0.5484045 -0.1738414 -0.3066043 
-0.3900577 -0.2485601 0.006954354 
0.2166021 -0.1727981 -0.7182446 
-0.1145807 -0.2381718 -0.4747805 
0.4824587 -0.2638737 -0.3781071 
0.04083802 -0.2327289 -0.5355772 
-0.4622163 -0.1650181 -0.02300437 
0.07444429 -0.1768577 -0.6391113 
-0.2812533 0.6307344 0.4797817 
-0.3474498 0.2650585 0.3308765 
0.4347187 -0.09391905 0.2095234 
-0.4301421 -0.1667404 -0.5818102 
0.5723345 -0.2136032 -0.7190006 
0.1529468 -0.2424645 -0.7082569 
-0.3087422 -0.2444203 -0.4533081 
-0.4609964 -0.2496419 0.1029752 
0.3160215 -0.1667514 -0.1511527 
0.05565575 0.6144926 0.47262 
-0.2556564 0.0714184 0.3154724 
0.3376279 -0.06377555 0.220732 
0.1183258 -0.1831184 0.232431 
0.1670692 0.3166369 0.3502163 
0.1176009 0.2103972 0.3162979 
-0.2319667 0.1562525 0.29363 
0.1317605 0.5658321 0.4314946 
0.3492655 -0.02111385 0.2332645 
0.117379 -0.1844028 -0.7435051 
0.5400492 0.4079916 0.4190978 
-0.2749598 0.6229221 0.4540677 
-0.448419 -0.2315257 0.1454934 
-0.2429347 -0.1733649 -0.02968181 
-0.2113062 0.1295774 0.3446392 
0.5890621 -0.2187951 -0.1501629 
0.1055032 -0.2129856 0.2035584 
0.5748162 0.4797936 0.4109452 
0.571503 -0.1757952 -0.05234268 
0.5850607 0.1685557 0.3163509 
-0.350139 -0.2319088 -0.7471398 
-0.1154607 -0.1695734 0.07746685 
-0.5702873 -0.1613447 0.0934682 
-0.3404444 -0.1675611 0.2275667 
0.5868311 -0.1966466 -0.6919117 
-0.3545337 -0.2452754 0.04583936 
-0.001690137 -0.2263188 -0.4129479 
-0.5585291 -0.2266418 -0.2085518 
0.498831 -0.2256022 0.1212746 
0.2654997 -0.02637742 0.2345764 
-0.605055 -0.1981275 0.01037263 
0.2764311 -0.173911 0.1053581 
0.43372 -0.223232 -0.5217208 
0.09506179 -0.05661478 0.2762715 
0.3069676 0.4164865 0.4226393 
-0.1501798 -0.1880144 -0.5392423 
-0.07374714 -0.1750486 0.190455 
0.392526 -0.2459372 -0.1444396 
0.1035611 0.2527728 0.3743178 
-0.5063043 -0.167011 -0.7104756 
-0.4744116 -0.2212008 0.1801862 
-0.604716 0.2227586 0.3004868 
0.5829315 -0.1622506 0.2048944 
-0.5911046 -0.1855906 -0.376009 
-0.03871777 -0.1682728 -0.16639 
0.5830703 -0.2181187 -0.4152625 
0.2233373 -0.06843504 0.2201169 
-0.5005601 -0.1036257 0.2063427 
-0.2697418 0.2957378 0.340374 
0.5894641 -0.2088956 -0.6178406 
0.5196498 0.1481933 0.3352243 
-0.5376151 0.2797604 0.3801837 
0.5867429 -0.2280401 -0.2222032 
0.07577363 -0.1704986 -0.08529786 
-0.4355515 0.2607318 0.3712062 
-0.08480613 0.09122164 0.3094825 
-0.4533298 -0.1700825 -0.7500656 
0.2792543 0.009298373 0.2442675 
-0.06377827 -0.002960034 0.2419292 
-0.2793539 -0.07984926 0.2656854 
-0.3053153 0.1266587 0.2849434 
0.455983 0.2066712 0.3113387 
-0.0006095988 0.5097145 0.4555805 
0.1702443 0.1722918 0.3558932 
0.3335216 0.3121529 0.3625669 
0.5605061 -0.1775421 -0.7352274 
-0.3752471 0.4689431 0.4499167 
-0.353108 -0.1107022 0.2490468 
0.06918627 0.4067146 0.3851452 
0.2725036 -0.1698194 -0.2570772 
-0.01615319 -0.1749873 -0.3428441 
-0.5123096 0.5465158 0.4714392 
-0.5782372 -0.1785399 -0.1449863 
0.5378182 -0.1082243 0.1984013 
0.5958801 0.2470433 0.3734476 
-0.1257115 -0.1672754 -0.6561658 
0.3205134 0.5799704 0.4375103 
0.5721752 0.6347724 0.469284 
0.2816533 -0.1758364 -0.6581105 
0.3941509 -0.2452156 -0.7755345 
0.2657364 -0.253124 -0.4040223 
-0.4640237 -0.2380661 -0.0100307 
-0.1356952 -0.265792 -0.1316002 
-0.3098146 -0.1617553 0.0233112 
0.3149445 -0.247245 -0.03173901 
-0.1122117 -0.2415622 -0.433646 
-0.5507317 -0.2378524 -0.6723522 
0.3546867 -0.255418 0.002402923 
0.326295 -0.2521764 -0.4948786 
0.1910779 -0.1740544 -0.5946448 
0.3248918 -0.2354617 -0.2382042 
0.4072559 -0.2402556 -0.7841658 
0.1173177 -0.1983084 -0.5920225 
0.07512305 -0.24415 -0.6258147 
0.006636181 -0.1840466 -0.5240119 
-0.007369522 -0.2305194 -0.3777105 
-0.4496714 -0.168684 -0.1346868 
0.4709993 -0.2447228 -0.09518939 
0.533478 -0.2428616 -0.1657031 
0.5665609 -0.1767428 -0.1092696 
0.1111081 -0.2380733 -0.4893518 
-0.4084714 -0.2435259 -0.30279 
-0.4119806 -0.2189394 0.04853174 
0.4967208 -0.2418552 -0.5156189 
-0.3199173 -0.1770413 -0.499203 
-0.4381844 -0.1685259 -0.6706115 
-0.2278496 -0.24557 -0.5998675 
-0.5882175 -0.2743501 -0.5853061 
0.5983948 0.5459027 0.4583083 
-0.5307593 -0.2001492 0.1687694 
0.53857 -0.2059149 -0.7633119 
-0.5597445 -0.1715941 -0.3129253 
-0.3139332 -0.1635319 0.1613681 
-0.5431323 0.443783 0.3784848 
-0.1882683 -0.1697758 -0.3175406 
-0.4377525 -0.189143 0.1431633 
-0.5961034 -0.2355426 0.06612219 
-0.5990825 -0.1922484 0.1697926 
0.5740619 -0.09156571 0.2057061 
-0.2117785 -0.1654427 -0.1743563 
0.2682735 0.6031032 0.438691 
-0.02734406 -0.1728041 -0.05970545 
-0.3347951 0.1681244 0.3474733 
0.3935235 0.3171508 0.3684292 
-0.4929067 0.4690022 0.4333217 
-0.3645018 0.224829 0.3617204 
0.5871796 -0.06635746 0.2407687 
0.3004952 -0.1747809 -0.009093753 
0.338075 -0.1718227 -0.2420716 
0.139957 0.6160972 0.4833672 
0.04824741 0.2193982 0.3247631 
0.1247077 -0.05828616 0.2223986 
0.5866148 -0.1986898 -0.278094 
0.4838125 -0.1725727 0.02993822 
-0.3754087 0.1052754 0.3259468 
-0.1672548 0.4516969 0.4174865 
-0.1720531 0.01853576 0.2933144 
0.06390764 -0.1023818 0.2619389 
-0.03516804 -0.1839604 0.2025897 
0.0824689 -0.1716973 0.0102329 
0.508292 0.5266485 0.4722628 
0.3629872 -0.2261038 0.1809306 
0.2312327 0.1688071 0.328385 
-0.1078434 0.5343723 0.4647353 
-0.4457034 0.04582061 0.3069614 
-0.5776545 -0.2281004 -0.01551643 
-0.1384905 0.2916211 0.3463236 
-0.5100435 0.2703133 0.3195363 
-0.2550904 0.4073187 0.4238874 
0.3298805 0.4862566 0.4052083 
-0.00932532 0.04440204 0.3088 
0.08633791 0.6136349 0.4598359 
-0.05450399 -0.182049 0.2074605 
0.1869776 0.4443913 0.4158403 
-0.06117021 -0.1639181 -0.212438 
0.4291742 -0.1921446 0.1272103 
-0.4386621 -0.2020517 0.2068088 
-0.4479434 -0.177395 0.1412511 
0.4404014 -0.1669833 -0.2646252 
-0.4276356 -0.1702523 -0.5186417 
-0.5839818 -0.1799855 -0.451589 
-0.5584552 -0.2497743 -0.5174454 
-0.297423 -0.2340754 -0.3295258 
0.3512235 -0.169224 -0.567643 
0.02151968 -0.2530521 -0.2775311 
-0.396862 0.3909984 0.3769701 
-0.1674198 -0.03503348 0.2428798 
-0.07879941 -0.2397385 -0.6663523 
0.003194198 -0.2517632 0.0111165 
-0.6065751 -0.2066311 -0.695143 
0.4776806 -0.1588893 -0.7086684 
0.3124669 -0.240835 -0.1582883 
0.3132298 -0.2403136 -0.1012933 
-0.4167143 0.6445963 0.4561199 
-0.2137711 -0.1683935 0.136395 
0.4962957 -0.1671604 -0.06137302 
-0.09514514 -0.1105263 0.2030982 
-0.5093443 0.371403 0.3640045 
-0.4250255 -0.1335299 0.244637 
0.4077557 0.304968 0.3915925 
-0.4658609 -0.07512338 0.2624432 
0.1549273 -0.1721922 -0.6569142 
-0.5266428 -0.1875211 -0.2412229 
-0.3147084 0.5749095 0.4685659 
-0.2769264 0.4596844 0.397896 
-0.2207778 0.6207404 0.4750049 
-0.4603706 0.3106903 0.3922058 
-0.03501426 -0.2497192 0.1229145 
0.4563295 -0.1341201 0.1882217 
0.01200049 0.5660636 0.4745651 
-0.4346135 -0.1650087 -0.0213767 
0.5895315 -0.2275116 -0.00248155 
0.3572652 0.2108092 0.3151173 
0.4208759 0.02549839 0.2533779 
-0.3391518 0.1302168 0.3372889 
-0.5799606 0.3438867 0.3529857 
0.2652195 0.5327659 0.417818 
0.186217 0.4981979 0.445316 
-0.0161757 0.3431267 0.3575685 
-0.1067448 0.6236312 0.4541497 
0.4521696 -0.1219103 0.2524149 
-0.06105223 0.2035499 0.3250064 
0.5743231 -0.1618708 0.1711365 
-0.1694579 -0.1095122 0.2596179 
0.5720128 -0.1423784 0.2390728 
-0.5734974 -0.08013777 0.2276892 
-0.3864228 0.3261905 0.383525 
-0.2402659 -0.1783041 -0.3550554 
0.4545299 -0.1755676 -0.327751 
0.3913797 0.4648283 0.4507906 
-0.6135226 -0.1906734 0.08520803 
-0.07763196 0.6261606 0.470353 
-0.3120957 0.01434735 0.2936471 
-0.3832309 -0.1969806 0.06622132 
-0.4561406 0.4928151 0.451892 
0.2952619 0.1684036 0.3103366 
-0.474987 -0.01159145 0.2855354 
-0.5086368 0.581695 0.4819271 
0.4947618 -0.1596306 -0.2134264 
-0.1360673 -0.1680809 -0.1737925 
0.2024089 0.1848497 0.3139299 
0.5931681 -0.222633 -0.1861355 
0.1686894 0.03349125 0.3029064 
-0.2353338 -0.007569757 0.2915196 
-0.5156702 0.4155978 0.3756828 
0.4231282 0.4965186 0.406202 
-0.1150707 0.01382005 0.2572359 
0.1952607 0.3002277 0.3895054 
0.2667345 -0.1760808 0.06705888 
0.5800052 0.5951983 0.4541992 
-0.1636553 0.5864712 0.4810995 
0.2621025 0.4315839 0.3870882 
0.462637 -0.05474812 0.2734401 
-0.5945641 -0.2008694 -0.7362739 
0.05190053 0.4070997 0.3983114 
0.3001708 -0.1713663 -0.04958312 
0.4465811 0.5659673 0.4206651 
-0.2498533 0.1837741 0.3636385 
0.4209792 0.2653739 0.3780705 
-0.5835676 0.4181907 0.3997306 
-0.4752056 -0.1694031 -0.7738046 
0.1259923 -0.1650773 0.165704 
-0.5868821 0.5977321 0.4538893 
0.1974273 -0.1688181 0.1295713 
-0.117011 -0.1647861 -0.2862235 
0.04721805 -0.1810318 -0.4486089 
0.5839695 0.4427209 0.4211002 
-0.1738496 0.06193713 0.2923158 
0.2320397 -0.0261021 0.2837735 
-0.146332 0.3027902 0.3463571 
0.0679687 0.3554806 0.4032643 
-0.003216971 0.3165525 0.3953995 
-0.1992993 0.4861028 0.4506377 
-0.1847039 -0.225258 0.1767476 
0.5071183 0.6502738 0.4771664 
0.264388 -0.1726404 -0.349844 
0.5871545 -0.1959581 0.1626127 
0.0414193 -0.1611698 0.1709808 
0.4764232 -0.2186297 0.2103487 
-0.5976411 0.4575223 0.4221043 
-0.5762195 0.2944764 0.3235274 
0.3070025 -0.2371048 0.1465882 
-0.5223477 0.4798979 0.4377817 
0.5723326 -0.2303826 -0.3856557 
0.5920082 -0.2229052 -0.2769164 
-0.3351638 0.6013534 0.48646 
-0.4077027 0.561587 0.4744999 
-0.5861002 -0.01649044 0.2639639 
-0.4461578 0.6391153 0.4761316 
-0.07253074 -0.1720403 -0.6448913 
-0.347565 -0.1684338 -0.5440077 
0.2030192 -0.2082477 -0.4526904 
-0.4755258 -0.2531877 -0.3253165 
0.1560105 -0.2132592 -0.445372 
-0.1279108 -0.2335603 -0.5877717 
-0.4389955 -0.2482515 -0.4971365 
-0.5190469 -0.2470357 -0.5066199 
-0.1028364 -0.246199 -0.3026586 
0.5153223 -0.219929 0.1579659 
0.05957511 -0.1671662 -0.1870983 
0.5514507 -0.1711493 -0.1782348 
0.1585418 -0.1846712 -0.5496576 
-0.2267198 -0.237754 -0.05613281 
0.02604352 -0.2452754 0.07404324 
0.22489 -0.2429332 -0.1585923 
0.4276905 0.01499927 0.2956687 
0.2228693 -0.2344186 -0.7191544 
0.07140384 -0.2517136 -0.1310674 
0.01908835 -0.1706855 -0.144546 
-0.5553466 -0.1676542 -0.4524977 
0.4340883 -0.1887164 0.1221355 
0.1314616 -0.2451722 -0.6638498 
0.371368 -0.2448229 -0.08101958 
-0.3577482 -0.2424857 -0.6494219 
0.2732224 -0.1874321 -0.5859774 
0.2246934 -0.2245369 -0.5549866 
-0.1808045 -0.2655018 -0.2026112 
-0.5127581 -0.2494712 -0.6037197 
-0.1205963 -0.2416623 -0.01835115 
0.2913996 -0.2427763 -0.2919707 
0.4119944 -0.2415255 -0.7660537 
-0.3210419 -0.17399 -0.6458656 
-0.3444154 -0.1625983 -0.6869073 
0.3534775 -0.2594531 -0.4216079 
-0.4062393 -0.2460445 -0.04187002 
-0.2676518 -0.238303 -0.507662 
-0.1930559 -0.2345016 -0.6858273 
0.2056004 -0.2506011 -0.4962974 
-0.4962291 -0.2473604 -0.5617877 
0.4566922 -0.2454463 -0.6510167 
-0.1635697 -0.2674745 -0.153203 
0.002909301 -0.2376394 -0.6864136 
0.1650049 -0.2676909 -0.1904138 
-0.3873669 -0.1794358 -0.2485641 
-0.5056485 -0.1610176 0.1310071 
-0.5985632 -0.2037961 -0.5888662 
-0.6017202 -0.2114303 -0.008928525 
0.5775355 -0.2266377 -0.516251 
-0.3468572 0.5749806 0.4329006 
0.5334406 -0.1748697 0.08150984 
0.5714333 0.51537 0.4184658 
0.2058276 -0.1623493 -0.1060159 
-0.5306699 -0.2442055 0.1227835 
-0.05293701 0.5317475 0.452069 
0.5284649 -0.03031023 0.2228321 
-0.5742548 0.01799679 0.2559879 
-0.4601106 -0.1613115 -0.3422461 
-0.2585264 -0.1491641 0.172692 
0.4708287 -0.1945773 0.0881553 
-0.3974124 -0.1729547 -0.4127804 
0.3355005 -0.1341778 0.1925757 
0.5666038 0.0927457 0.2866697 
0.5861443 0.002574239 0.2695255 
0.3577767 -0.1764718 0.07371326 
0.5547823 0.3092623 0.3895456 
-0.5756165 0.471571 0.3924873 
0.4976875 0.1557555 0.292681 
-0.3774676 0.617678 0.49064 
-0.28408 -0.0881623 0.2093002 
0.5441931 -0.1287894 0.2481684 
-0.5982673 -0.2524533 -0.5783911 
-0.1577267 -0.1751363 -0.3933078 
0.5196017 0.4369733 0.4356169 
-0.4883031 0.07212763 0.314992 
0.456278 0.1993717 0.3558199 
-0.4712702 -0.04382584 0.243438 
0.01775789 0.04388529 0.2531198 
-0.276977 0.4799435 0.446545 
-0.5582562 -0.08109576 0.255938 
-0.3833831 -0.178657 -0.7545774 
0.1823315 -0.1764529 -0.4681701 
-0.3472258 0.5340268 0.4278956 
-0.5369803 -0.08111851 0.2410567 
-0.3518143 -0.1864688 -0.7641667 
-0.1121056 0.168864 0.3186671 
-0.4525062 -0.1706085 -0.4150351 
-0.5895146 -0.06553286 0.2510644 
-0.3334294 -0.1223454 0.203392 
-0.1209646 -0.1719676 -0.4182035 
-0.5094008 -0.1681687 -0.7540696 
-0.5172818 -0.1812657 -0.1767775 
-0.1428436 0.6121236 0.4516725 
0.3366631 -0.1656883 0.14724 
0.2708219 0.3976648 0.4122298 
-0.4214758 0.07519846 0.2682436 
0.2227699 0.5711532 0.4747937 
-0.2774829 0.253214 0.3733555 
-0.02907255 0.4448123 0.4443683 
0.5739223 0.1408232 0.2976408 
-0.2766355 0.3741303 0.368394 
0.5122041 -0.1738835 -0.2984699 
-0.2740894 0.1080236 0.3343045 
-0.09907763 -0.1700695 -0.09252103 
0.0950319 0.557857 0.4255245 
-0.5052454 -0.172814 -0.1090227 
-0.02160941 0.5775473 0.4722503 
-0.2451872 0.5621589 0.4655449 
-0.3822238 -0.2299845 0.1615934 
0.534899 -0.1691831 0.01563202 
0.5306795 -0.1973425 -0.4304057 
0.3509113 -0.1650338 -0.1588863 
0.3844935 -0.1709657 -0.09565603 
0.2383026 -0.1750057 0.01697959 
0.4203932 -0.1735215 0.036292 
-0.01257706 -0.1717608 -0.09301539 
-0.5412981 -0.1889749 -0.7667123 
0.5735639 0.3041701 0.3506865 
-0.4648654 -0.1635886 -0.2857771 
-0.1051235 -0.2115824 0.1989984 
-0.5589164 -0.209858 -0.7616515 
-0.5345303 0.5741409 0.4264175 
-0.1734554 -0.1190023 0.1893833 
-0.376922 -0.2264141 -0.7650176 
-0.1943793 0.6243368 0.4719678 
-0.4390967 0.4063071 0.3793622 
0.3521868 -0.2476059 -0.6528806 
0.1099845 -0.2330344 -0.5391878 
-0.3865149 -0.1692472 -0.4942946 
0.09688637 0.3322804 0.3563782 
0.4909091 0.5047706 0.4056183 
-0.03346535 -0.02915984 0.2703162 
0.181146 -0.05259865 0.226217 
-0.2143139 0.4421229 0.3958141 
-0.4682215 -0.04784492 0.2329715 
0.06915332 -0.2443488 -0.06783164 
0.1946238 0.2517546 0.3805063 
0.01181833 0.109468 0.3278552 
0.1107821 -0.1716555 -0.7079126 
-0.0307782 -0.2485792 -0.588374 
-0.06345984 -0.2496634 0.04553607 
0.08593097 -0.251141 -0.3275816 
-0.5962291 -0.2061175 -0.1073254 
0.03390337 -0.2518591 -0.1709666 
0.4279173 0.2267705 0.3211209 
0.1669907 0.1671355 0.3038752 
-0.06558016 -0.1724316 -0.5321456 
0.1390261 0.0801217 0.2682221 
-0.341362 0.08311919 0.3207486 
0.4418609 -0.2446646 -0.1304175 
0.5392844 -0.2380143 -0.1312232 
0.06455108 -0.2585547 -0.1988898 
-0.2209464 -0.1288663 0.1867411 
0.0257191 -0.07926691 0.2646496 
-0.5035596 -0.2173598 -0.2491928 
-0.2928983 -0.161306 -0.09736578 
0.5809921 0.2564521 0.3765773 
-0.5168153 0.3102694 0.3925405 
0.1531695 -0.1676638 -0.285264 
0.2521284 -0.1870654 -0.6712787 
0.3487859 -0.2412596 -0.5791028 
0.3505365 0.3516243 0.4121432 
0.3969862 -0.2600313 -0.3573526 
-0.1688778 -0.2468977 -0.3918671 
0.2245418 0.1136035 0.3159022 
-0.5000044 0.01155567 0.2435148 
-0.1484516 -0.01511517 0.2859308 
0.2942627 0.09904082 0.2805625 
-0.3778076 -0.2528649 -0.5246006 
-0.492619 -0.2437334 -0.6694955 
0.4631844 -0.170889 -0.6093264 
0.3435945 0.3166156 0.3699619 
-0.5701879 -0.1792115 -0.5881996 
-0.08435345 0.380035 0.3879425 
0.1454787 -0.06578286 0.2721987 
-0.0782043 -0.1698526 -0.6087028 
-0.06563491 -0.2337679 -0.3688031 
0.4700883 -0.2450658 -0.1585785 
-0.3481016 -0.2254711 -0.2035502 
0.5342625 -0.2507797 -0.4176185 
-0.2440079 -0.2423095 -0.4477907 
-0.4984448 -0.2404306 0.06538565 
0.09509727 -0.1772824 -0.4805307 
0.4418457 -0.1712368 -0.5603344 
-0.2563576 -0.2421687 0.02484075 
0.1825933 -0.1822913 -0.7435306 
0.3103087 -0.1716566 -0.5632622 
0.5748847 0.1868974 0.3124923 
-0.1290436 -0.1699885 -0.327708 
0.07545641 0.4914191 0.4065309 
-0.3833847 0.2761241 0.3776401 
-0.02324222 -0.07529861 0.2211437 
-0.5826966 -0.1128996 0.2207193 
0.4630308 0.4853618 0.4522227 
-0.5794428 0.5501593 0.4245994 
0.2262398 0.2818395 0.3324649 
0.3533861 0.3173192 0.3858941 
-0.4877099 0.626022 0.4597946 
-0.5023156 0.1835071 0.3499149 
-0.3757404 0.4337819 0.3882936 
-0.1527793 -0.1854908 0.0233558 
0.2742347 0.1769818 0.3593677 
-0.4919364 0.4549831 0.3969499 
0.04904566 0.4601718 0.4375727 
-0.5720114 0.6031885 0.4854861 
-0.2837637 -0.2093531 0.2077112 
0.01835836 -0.1907435 -0.7675481 
-0.3893699 -0.120737 0.1920471 
0.4582098 0.0142996 0.248659 
0.2255144 0.1057971 0.3169509 
0.08213923 0.2255191 0.3652657 
-0.3966524 0.4218492 0.4309413 
0.1106696 0.1164782 0.2828835 
0.2223888 0.2315967 0.3205785 
0.5398512 0.4782902 0.4489171 
-0.2099266 0.5513071 0.4005843 
-0.2938402 -0.02989597 0.281639 
-0.4249589 0.2859588 0.3386086 
0.195561 0.4516881 0.41989 
0.3923823 0.5473264 0.4219425 
0.4222364 -0.1840111 0.1415721 
0.06840539 -0.2072775 0.2125277 
-0.1718855 -0.2080866 0.2065571 
-0.4749407 0.570131 0.4093708 
-0.2233008 -0.2041962 -0.7516282 
0.02548175 0.08150856 0.2673875 
0.5869322 -0.2001417 -0.1105192 
-0.03622641 0.007569805 0.2995864 
-0.01260156 0.5325297 0.4509779 
-0.5882643 -0.1808885 -0.04698871 
0.0653584 0.5454625 0.4216161 
0.02777385 0.2626061 0.3781325 
0.5782194 0.03315338 0.2877302 
0.1035361 -0.1277917 0.2474484 
-0.2770466 -0.1403415 0.2449922 
0.2114625 0.4379382 0.3953643 
0.5499721 0.3326803 0.3860564 
-0.3404479 0.5032216 0.4535322 
0.3500548 -0.1696193 0.2305021 
-0.4250512 -0.17906 0.2250571 
-0.04132805 0.4647678 0.4181105 
0.3813846 0.3617366 0.3655984 
0.09687895 -0.1684458 -0.6722816 
0.2605113 0.1481027 0.3294724 
-0.1240338 0.08402093 0.3073541 
0.4451748 0.3784387 0.4221338 
0.03301192 0.02883733 0.3040107 
-0.4181884 0.56649 0.4283315 
-0.2919343 -0.1706946 0.1317603 
-0.3262047 -0.2026294 -0.1712085 
0.2559829 -0.1593265 0.2169591 
-0.3832706 -0.171213 -0.1224755 
-0.09687749 -0.1678707 -0.6757889 
-0.368625 0.4012337 0.422897 
0.4771314 -0.1785713 -0.3564149 
-0.1095382 -0.2375274 0.1051567 
0.5264526 0.183779 0.3496969 
0.2661715 -0.2061536 -0.5771515 
0.3600043 -0.2424442 0.09445167 
0.3004896 -0.1738383 -0.7277945 
0.5179727 -0.1303825 0.1854083 
0.5313181 0.6163301 0.4909078 
0.4207801 -0.06362294 0.222367 
0.1548239 -0.2479955 0.02657138 
0.2535894 -0.234143 -0.6307197 
0.2441837 0.575371 0.4281948 
0.4137162 -0.2459181 -0.05989358 
0.4975584 -0.05734953 0.2213005 
-0.2067187 -0.1551721 0.2395528 
-0.1706255 -0.1779316 -0.4967913 
-0.08669116 -0.1691584 -0.130664 
0.224147 -0.2510141 -0.4109856 
-0.09968349 -0.2425087 -0.5498902 
0.2676362 -0.2490432 -0.2484584 
-0.3864546 -0.1664402 -0.6030124 
0.3783703 -0.2456151 -0.5516472 
0.4429727 -0.1651634 -0.7022181 
0.3854446 -0.1696731 -0.5956264 
-0.5712686 -0.1787921 -0.6397402 
-0.5301529 -0.2496897 -0.2582195 
-0.2350714 -0.2242554 -0.6089814 
-0.05811555 -0.2452825 -0.3118917 
-0.1074944 0.4954281 0.4148205 
-0.04336075 -0.2079649 -0.7461423 
-0.03395158 -0.1800662 -0.7050381 
-0.5322263 -0.2466295 -0.2924204 
-0.344317 -0.164911 0.1630445 
-0.2723193 -0.2517622 -0.1091239 
-0.2142532 -0.2531814 -0.1097021 
0.6012332 0.3516875 0.3745943 
-0.06736121 -0.2173937 -0.7834485 
0.01894177 0.496978 0.4104687 
0.01226374 -0.221867 0.1886381 
0.06814683 -0.1904446 -0.6099913 
-0.172637 -0.235714 -0.02197514 
-0.04809105 -0.2225726 -0.2360731 
0.5337151 -0.2476365 -0.2568405 
-0.1470359 -0.168916 -0.6153961 
0.0809203 -0.2434959 -0.6732945 
-0.5914155 -0.1765481 0.1216989 
0.2235514 -0.1702251 -0.04578727 
-0.1221225 -0.2485718 -0.2363455 
0.5287974 0.1247377 0.2823551 
-0.1906991 -0.1788526 -0.6045509 
0.2801427 -0.1712706 -0.6509601 
0.5369516 -0.1650538 -0.7056811 
0.5096496 -0.2311986 -0.7422706 
0.4838291 -0.2447608 -0.5946814 
0.3936509 -0.2469033 -0.7249814 
-0.2157206 -0.1697057 -0.6810234 
0.5266448 -0.1678517 -0.6534804 
0.4195524 -0.2568237 0.02894218 
-0.2695656 -0.2407788 -0.2781381 
0.3710259 -0.1727387 -0.7010529 
-0.5420714 -0.1686498 -0.6861826 
0.3816273 -0.1889638 -0.7453177 
0.1387965 -0.2443636 -0.01061594 
-0.4171332 -0.2395698 -0.6576083 
-0.3607762 -0.1699487 -0.5745466 
-0.4688098 -0.2515543 -0.455483 
0.5634549 -0.2239686 0.1009906 
0.3719239 -0.1688853 -0.5254084 
-0.4532549 -0.1689238 -0.6240207 
0.5383869 -0.2478694 -0.5147313 
-0.4490542 -0.2454243 -0.5693442 
-0.09343904 0.1511402 0.2990051 
0.3573527 -0.2425391 -0.1732214 
-0.5771894 -0.1770923 -0.7248587 
-0.5079589 -0.2284641 0.1767928 
0.09653375 -0.2452754 -0.2431531 
-0.1428313 -0.1702408 -0.7230803 
-0.1669304 -0.2022137 0.1014013 
0.2946388 0.1608646 0.3350996 
-0.1932568 0.3445486 0.3982669 
0.2925465 -0.2120039 0.2081881 
0.2530393 0.3301782 0.3970484 
-0.03721706 -0.1694864 -0.5853103 
-0.1497995 -0.2401452 -0.6243021 
0.2056163 -0.2563288 -0.2443252 
0.1950592 -0.2453501 -0.4475945 
-0.4291982 -0.2372233 -0.7289003 
0.4176389 -0.2497384 -0.6500426 
0.07734389 -0.2377398 -0.5097442 
0.3361714 0.004056857 0.2910534 
0.5334314 -0.006344287 0.2853053 
-0.3757325 -0.2504258 -0.3493606 
0.5543888 -0.1612617 -0.5387738 
0.4560492 -0.248004 -0.02816536 
0.4043305 -0.2594072 -0.3759338 
-0.4501771 -0.2157391 -0.7721413 
-0.5422953 0.3388419 0.3487779 
0.4313815 -0.1672705 -0.2039365 
-0.3361252 -0.2202934 0.1929918 
0.583091 0.4720142 0.4360396 
0.1941147 -0.1997445 0.21817 
-0.3686135 -0.2439044 -0.6166186 
0.1881292 -0.2445793 -0.5250048 
-0.417398 -0.1663787 -0.4872484 
-0.4693384 -0.1722796 -0.2522635 
0.5932639 -0.2137577 -0.4629087 
0.4928163 -0.162666 0.1474005 
0.03330366 -0.2164627 -0.7610636 
0.4498213 -0.2461342 0.1016849 
0.5670598 -0.237469 -0.01679582 
-0.4080078 -0.2171947 -0.7729663 
0.5670145 -0.1790357 -0.2566535 
0.2961502 0.6197687 0.4521391 
0.2280858 -0.1652883 -0.1991496 
-0.5894837 -0.2051404 0.2012696 
0.445329 0.4476237 0.3874844 
0.5327259 0.2416726 0.3206482 
-0.2019529 -0.1811278 -0.4709508 
0.3717307 0.07182957 0.3145262 
-0.2535833 -0.1832269 0.1145012 
-0.09083276 0.4280677 0.3941491 
0.1724058 -0.1713732 -0.3499463 
0.4310763 0.4152234 0.4376668 
-0.6041429 0.2008486 0.3307732 
0.6125674 -0.1960645 0.06227542 
-0.4324841 0.2550505 0.3263703 
0.1460592 0.4288201 0.4225931 
-0.2147609 -0.2314638 0.160163 
0.5962121 0.5232401 0.4426035 
-0.3750322 -0.165139 -0.04554157 
-0.340988 -0.01082162 0.2383133 
-0.103195 -0.1328324 0.2460359 
-0.5236842 0.3428373 0.4023945 
0.2444418 0.02506808 0.2989927 
0.512395 -0.1703893 -0.4687354 
0.484463 0.2858667 0.339727 
-0.08382265 -0.1740028 -0.0006716487 
0.4896055 -0.2294274 -0.7734819 
-0.2806852 0.1781379 0.3597655 
0.3242932 0.5772203 0.4530936 
0.3066082 0.5367752 0.4193289 
-0.3618495 0.4864396 0.4054087 
0.2310236 0.4286667 0.3914447 
0.1665699 0.2791455 0.3389992 
-0.5167468 0.2529575 0.3734232 
-0.5168731 -0.1716237 -0.4546499 
0.080299 0.3224432 0.4001471 
0.5771195 0.01964381 0.248546 
-0.3327363 0.4064308 0.4234788 
0.1793399 0.4635003 0.4276118 
-0.1470195 0.6204649 0.4792008 