0.2036742 -0.1594121 -0.6620024 
-0.5740237 0.6278413 0.4601118 
0.6047593 0.3147122 0.3671536 
-0.5951406 -0.208589 -0.0536274 
0.167063 -0.2331357 0.1309924 
-0.5240616 -0.1985011 -0.7510371 
0.08148026 0.6292145 0.4505017 
-0.2990637 0.1631205 0.3426785 
0.5871505 -0.1927362 -0.2117153 
-0.1454115 -0.1816107 -0.2877066 
0.5684705 -0.1184038 0.2227268 
0.1816361 0.1506732 0.3385765 
-0.2634476 -0.2143449 0.1647527 
0.5823975 -0.2009138 -0.7183625 
-0.5763893 0.01925958 0.2714227 
-0.143961 -0.2332076 -0.684135 
0.2427536 -0.2479856 -0.2611714 
-0.5920517 -0.2102114 -0.4456473 
0.4813613 0.622848 0.4472468 
-0.2629711 0.5484152 0.4305547 
-0.5533959 0.3183675 0.3836796 
0.4357713 -0.2410101 0.01410758 
0.4481566 -0.2456898 -0.4856917 
0.02372245 -0.06926219 0.2383795 
0.2329308 0.4380868 0.4341098 
-0.02093344 0.3259103 0.3745913 
0.3582703 -0.07343173 0.2652436 
-0.3319789 -0.1740038 -0.09365097 
-0.06055078 -0.2284493 -0.04911771 
-0.369303 -0.1720015 -0.4824848 
0.02461812 -0.2421682 -0.4949255 
-0.5281119 -0.1992369 0.1847552 
0.5028142 0.1124235 0.3180306 
-0.3858886 -0.05036177 0.2213157 
0.5822638 0.5596739 0.440926 
-0.4595499 -0.2368323 -0.264703 
0.0184757 -0.2037516 -0.7473634 
0.3779609 0.2607538 0.3204267 
0.4126521 -0.2046689 -0.7549901 
0.2692806 -0.186932 -0.06609969 
0.2430923 -0.1927316 -0.4670686 
0.03499987 -0.1850874 -0.2101188 
-0.04119373 -0.2125304 0.1581822 
-0.4674011 0.1518475 0.292971 
-0.3841562 0.627256 0.4540679 
-0.01356751 0.1486865 0.3362219 
0.4435443 -0.2015379 -0.272855 
-0.3582337 -0.2015249 -0.7540661 
-0.3565807 0.3446578 0.3567377 
-0.5709961 -0.2190879 -0.6020986 
-0.1355341 0.6172344 0.4641384 
0.4420702 0.4726067 0.4323237 
0.1505791 -0.03708762 0.2337041 
0.4421867 -0.2034339 0.1888081 
-0.4611653 0.4815882 0.4480092 
0.2067993 0.6226549 0.470721 
0.5876318 -0.1861158 -0.4571106 
0.5838817 -0.2004074 -0.01668876 
-0.5876529 -0.203999 -0.2566292 
-0.1188362 -0.2065668 -0.5040845 
-0.2047726 -0.1040324 0.2298051 
-0.04313285 0.5092242 0.4554859 
-0.4412687 -0.2376906 0.04388781 
0.12848 0.2979873 0.3440845 
-0.1976119 -0.2450502 -0.1449302 
-0.2940081 -0.2436521 -0.3556688 
0.5673732 -0.2077575 0.1203209 
0.4927911 -0.1731239 -0.6647457 
0.3360244 0.0846416 0.2632858 
-0.5899755 0.4546279 0.411981 
-0.3916947 -0.2423299 -0.6455806 
0.3326752 -0.1967605 0.06835726 
0.1127257 -0.2387483 -0.07202087 
-0.5852136 -0.2018142 0.09596635 
-0.1371587 0.3691533 0.3674986 
-0.2010195 -0.1790061 -0.01954217 
0.3643869 -0.2398573 -0.3785594 
0.02969916 -0.1738873 -0.6306556 
0.1208476 0.4840217 0.4090674 
-0.1150698 0.05664645 0.263692 
0.5056294 0.02116114 0.2514838 
0.3378231 -0.2310698 -0.6399791 
-0.471331 -0.1726844 -0.1921974 
0.07985158 -0.1698919 0.2196633 
-0.5868446 0.1954415 0.3170219 
0.1070008 -0.2418756 -0.3437009 
0.0293193 -0.2086536 -0.005654232 
0.5867336 0.1865319 0.3219188 
0.5894077 0.02498101 0.2703861 
0.5751217 -0.2121905 -0.5782188 
-0.5059453 -0.2388812 -0.4682771 
-0.3796937 -0.1778989 0.2123012 
0.509383 -0.2433171 -0.134922 
-0.1396422 0.2155078 0.3195129 
0.1832295 -0.2287874 -0.5905643 
-0.01156815 -0.1741911 -0.3923186 
0.4891744 -0.1785324 -0.3295063 
-0.2750364 -0.1690123 -0.1984746 
-0.5171499 -0.09081781 0.2515076 
0.203357 -0.1599105 0.2228884 
-0.1825538 -0.1848577 -0.5494738 
0.3487298 -0.2445726 -0.1426048 
0.2647367 0.2701757 0.3761931 
-0.09157044 -0.1762636 -0.1814686 
0.2277103 -0.2158812 -0.747253 
-0.4193799 -0.1905796 -0.3811859 
0.06354276 0.04581799 0.2627808 
-0.07645856 -0.1712212 -0.7455444 
0.3324025 0.5937352 0.4615065 
-0.2645405 0.04226528 0.2964891 
-0.07884817 -0.2393807 -0.6062661 
-0.1676174 -0.2092327 0.08893273 
-0.592458 -0.2026175 -0.7225211 
0.09263673 -0.2168801 -0.7075756 
-0.08595221 -0.1653669 0.2195461 
0.5251577 0.6136455 0.4620621 
0.3877359 0.1798093 0.3444802 
-0.2836951 0.6020707 0.4603787 
-0.5450649 -0.2108583 -0.3252111 
-0.236353 -0.2412154 -0.4783581 
-0.4854374 0.02723707 0.2936651 
-0.4826838 -0.1627414 0.01363859 
-0.1519369 -0.2161877 -0.3223206 
-0.3067693 -0.1880005 0.07391301 
0.1793754 -0.1802884 -0.159716 
-0.4696714 -0.1730394 -0.5833959 
0.5630236 0.4586676 0.4227245 
0.3675145 -0.2016394 -0.4859327 
0.3400355 0.4004539 0.3802823 
-0.3721682 0.1948736 0.3142508 
0.4876857 0.2355276 0.3238072 
-0.1422242 0.4782591 0.4034631 
0.04355211 0.4047613 0.4123279 
0.333561 -0.1960128 0.197542 
0.5139889 -0.1632086 0.1174202 
-0.4676135 0.2609026 0.3303894 
-0.3544872 0.06413937 0.2600657 
0.4230509 -0.1777503 -0.07780301 
0.503021 0.3573562 0.400402 
-0.01370658 -0.2215804 -0.317533 
-0.2682549 -0.1649212 -0.7209756 
-0.04817207 -0.227452 -0.6748379 
-0.2264368 0.2156595 0.3190193 
-0.5016308 0.6108264 0.4673604 
-0.3642175 -0.2438207 -0.1817902 
0.1643028 -0.1968834 -0.7638357 
0.3302339 -0.218509 0.0381366 
0.2602983 -0.1845658 -0.5363728 
0.4873469 -0.215156 -0.69125 
-0.4319264 -0.1534269 0.1409195 
0.2299687 -0.1719781 -0.2938982 
0.1670881 -0.1625508 0.05814469 
0.1348448 0.569776 0.4644077 
0.2596119 0.05943858 0.3023917 
0.05588382 0.1725593 0.301943 
-0.4460017 -0.2133014 -0.09928048 
-0.490622 -0.2320273 -0.6981844 
-0.02491031 -0.2368519 -0.1323554 
-0.2093084 -0.205739 -0.7711619 
-0.5701437 -0.2155839 -0.1703318 
0.3478693 -0.1954245 -0.2593616 
-0.07880013 -0.1941751 0.03919425 
0.4773274 -0.2377049 -0.2447624 
-0.2720234 -0.2372096 -0.03943749 
0.4994667 -0.1443961 0.2336318 
-0.5796554 -0.1687786 0.1942342 
0.5819161 -0.2140092 -0.3746034 
-0.4804157 0.3856705 0.3752567 
0.4267628 -0.1187258 0.1978366 
-0.3513737 0.4418325 0.4362502 
-0.387826 -0.16852 -0.7157524 
-0.01617411 0.2500727 0.3592752 
0.48074 0.5612119 0.439107 
-0.3645796 -0.2168071 0.1508583 
-0.3678198 0.5783961 0.4411672 
-0.5877495 -0.1942299 -0.5798279 
0.2614289 -0.18861 -0.1345604 
0.06350146 -0.2371043 0.1284722 
0.1288817 -0.1779553 -0.4800058 
-0.2111348 -0.1770614 -0.4006844 
0.5861708 -0.1824767 -0.1736636 
0.5171248 -0.1829878 -0.5250657 
0.4144851 -0.1781957 -0.5644878 
0.5569892 -0.2285003 0.03299843 
0.3498979 -0.2260571 -0.7106921 
-0.04282944 0.6052633 0.4739582 
0.245461 -0.2405058 -0.3598044 
-0.5588569 -0.2227074 0.03242711 
-0.5509041 0.521321 0.4425492 
0.555575 -0.2035685 0.1753584 
-0.1403216 -0.1686063 -0.07879466 
-0.231843 -0.2424898 -0.2497663 
0.1330426 -0.2450465 -0.2354449 
0.02025197 -0.1160264 0.2248178 
-0.1530625 0.5512068 0.4672877 
0.2120809 0.3272675 0.3979729 
0.03456738 -0.1909189 -0.07555634 
-0.2662405 -0.2452825 -0.6837559 
0.410733 0.0580972 0.3068432 
-0.05739592 0.04661196 0.3052237 
0.03292213 -0.04542128 0.2665996 
-0.5737497 0.09124061 0.2986931 
0.2077243 0.521439 0.4575115 
-0.09435894 -0.2173291 -0.260238 
-0.2830599 -0.1349476 0.1833472 
0.2358798 -0.2120803 -0.09413623 
-0.3747228 -0.2273652 -0.4054881 
-0.06488699 -0.2458943 -0.4358561 
-0.1652405 -0.1657978 0.148861 
-0.4228455 -0.2437819 -0.5088519 
-0.5785114 0.2668098 0.3460242 
-0.3520668 -0.1823807 -0.3377429 
-0.1836104 -0.1934032 -0.5540704 
0.4026554 -0.1773697 -0.6645321 
-0.2806023 0.3866693 0.415396 
0.5307791 -0.2364308 -0.387062 
0.3032655 0.1520703 0.3368036 
0.050576 -0.1836381 -0.3237263 
-0.1150713 -0.1750628 -0.6113393 
-0.05558681 0.4504017 0.4060708 
0.2207362 -0.06151528 0.2669436 
-0.5345411 -0.2053939 -0.3328647 
0.3631589 -0.1951189 0.05857925 
0.4077316 -0.1739991 -0.3875129 
0.3760812 -0.2130493 -0.2764513 
0.271569 -0.2061634 -0.472025 
0.5117797 -0.1666574 -0.6937702 
0.5326389 -0.2221716 -0.6845554 
-0.1276194 -0.03817032 0.2287562 
-0.2495468 -0.1967528 0.07708442 
0.2608692 -0.2192267 0.1673728 
0.1752735 -0.2390156 -0.4102225 
-0.3921052 -0.1818767 -0.003534836 
0.4160371 -0.230825 0.1025211 
-0.5957906 -0.2060151 -0.1255065 
0.3127045 0.608645 0.4613658 
0.5072723 -0.1717951 -0.05683555 
-0.5658196 -0.208539 -0.7315986 
-0.5823869 0.3665601 0.383869 
-0.1408497 -0.1728573 -0.2007709 
-0.1141637 0.3448526 0.3606865 
-0.5323359 0.2170912 0.3527017 
0.05049851 0.5952383 0.4494467 
0.194228 0.4148419 0.3837766 
0.1092568 -0.2436014 0.0281012 
-0.3189841 -0.05108324 0.2583716 
-0.1595099 -0.2058173 0.1838092 
0.285196 0.4811123 0.4024054 
0.4350921 -0.2430791 -0.6091615 
-0.3578466 -0.1691906 -0.6131811 
0.1198843 0.083649 0.3170947 
-0.4157036 -0.1761675 -0.2245613 
0.2153018 -0.2417397 0.02669923 
-0.3392326 -0.2472909 -0.4992418 
-0.5855717 -0.07453241 0.2359556 
-0.4193362 -0.08935221 0.2564704 
-0.2906851 -0.2440922 -0.1411771 
-0.05337133 -0.239121 0.04529871 
-0.1692024 -0.2407851 -0.02554411 
0.32037 0.3258279 0.3975689 
-0.5495776 0.4489174 0.4256721 
-0.02818039 -0.1813141 -0.5576752 
-0.110942 0.4094642 0.4124877 
0.3053095 0.03098826 0.2937155 
0.5816896 0.1637156 0.3168277 
-0.008904786 -0.1859861 0.1046017 
-0.06041924 -0.1984836 -0.2867655 
0.5323233 0.02788218 0.2911498 
0.2484909 -0.2193466 -0.5882431 
0.5722185 -0.2230557 -0.4850821 
0.4729278 -0.1799037 -0.4505361 
0.2093538 -0.1545546 0.1057799 
-0.5225155 -0.1802256 -0.653084 
-0.5898417 -0.1979202 -0.3107678 
0.1383774 0.2325465 0.3667413 
-0.110067 -0.1839193 0.1530955 
0.1598172 -0.2097277 0.1827855 
0.06643309 -0.2407486 -0.5743905 
0.2928888 -0.193656 -0.4267477 
0.1943498 -0.2142973 -0.6730086 
0.584628 -0.2045029 -0.648353 
0.05075667 0.3883504 0.3900239 
0.1469558 -0.1640429 0.03452784 
-0.170287 0.1183735 0.3256862 
-0.5291581 -0.1680826 0.1330028 
-0.07796248 -0.2421244 -0.132989 
-0.3971271 -0.2149364 -0.7513751 
0.5715324 -0.1583798 0.0114664 
0.1378962 -0.1915454 -0.6755798 
-0.4689118 -0.1842231 -0.472753 
0.1450602 -0.1250468 0.1777713 
-0.2362567 -0.1685898 -0.09076926 
-0.2938798 -0.2114357 0.06677511 
0.1436205 -0.1710258 -0.2569906 
0.5573484 0.2741614 0.3602703 
0.3977209 0.006807482 0.2431323 
-0.4788288 -0.2132156 -0.2053777 
0.3750807 -0.2402753 -0.03730072 
-0.004074458 -0.2392183 -0.3931022 
0.277591 -0.2090212 -0.6728821 
0.3353052 -0.2249717 -0.4605494 
0.5536105 -0.1697869 -0.14166 
-0.4606574 -0.2010074 -0.3860819 
0.08591463 -0.1687595 -0.3919886 
-0.2743065 -0.1713348 -0.4148583 
-0.1612604 -0.2077201 -0.3125676 
-0.117082 0.1364647 0.3309067 
0.575453 0.4303531 0.4057288 
-0.56495 -0.223009 -0.4789932 
0.1088981 -0.1615983 0.1196026 
-0.5483954 -0.1760653 -0.483863 
-0.6022134 -0.2158753 0.01202971 
0.05749094 0.4647425 0.4361723 
0.4422689 -0.2404533 -0.3464468 
-0.2413232 -0.1813987 -0.3191355 
-0.2152071 0.4379295 0.4351404 
-0.4292581 -0.2037272 0.1910402 
0.4327894 0.5757988 0.4382075 
-0.5117687 0.5322399 0.4216159 
0.5389523 -0.06908673 0.224746 
-0.2676826 -0.2439293 -0.6920158 
0.5340934 -0.178948 -0.2726986 
-0.3247927 0.2740545 0.3778727 
-0.2309658 -0.2047473 -0.7685418 
0.0568753 0.265341 0.3745828 
0.5848271 -0.02144099 0.2533218 
0.5553687 -0.2311314 -0.1804249 
-0.4961993 -0.2208814 -0.04301102 
-0.3553823 -0.2421884 -0.2967315 
0.06244833 -0.1872186 -0.7121186 
-0.4861635 -0.2443094 -0.6170955 
-0.3610484 -0.2302476 -0.005175268 
0.4396156 -0.2471289 -0.1741865 
-0.4371129 -0.1674274 -0.1472467 
0.4235984 -0.1728164 0.119516 
-0.2832946 0.6323891 0.4693243 
-0.5773497 -0.2039439 0.1376101 
-0.5340066 -0.1905036 -0.398218 
0.5165496 -0.2142396 0.1668689 
-0.4856374 -0.2279304 0.1445333 
0.5260098 0.582366 0.4382796 
0.3357268 -0.1802028 -0.06588242 
-0.109513 -0.2375231 0.02526547 
0.2747364 -0.2297621 -0.6593068 
-0.5865012 -0.1972591 -0.5973303 
0.2540684 -0.1588792 0.2202756 
0.3265223 0.240607 0.367844 
-0.06654736 -0.2143854 -0.7093766 
0.1878977 -0.2464417 -0.2829151 
0.05561573 -0.220264 0.1737795 
-0.5257218 0.110933 0.2843487 
0.1958144 -0.2121918 -0.6135263 
0.5754011 -0.2088918 -0.3093015 
0.1344049 -0.1736273 -0.412974 
0.5742899 -0.2139339 -0.5447886 
-0.07137269 -0.173693 -0.3626591 
0.1643387 0.6520928 0.4556692 
-0.4209493 0.09735566 0.3206044 
0.4699311 0.3067887 0.349879 
0.4307157 -0.06634477 0.2695352 
0.5640443 0.1690763 0.3260559 
-0.5695221 -0.2180382 -0.224802 
0.4871647 -0.1777187 -0.5510631 
0.3629203 -0.2263152 -0.441677 
0.3294177 -0.225941 0.1357928 
-0.05467382 -0.2052719 -0.7440435 
-0.5532817 0.6244682 0.4621749 
0.05923756 -0.2019565 -0.07266209 
-0.218717 0.06810665 0.3083635 
0.5689661 -0.2109675 -0.107367 
-0.4244576 0.3676353 0.4122746 
-0.31908 -0.2044696 0.03067599 
0.2284431 -0.1747916 -0.2214739 
-0.5410711 -0.00215451 0.2512645 
0.4637303 -0.1943846 -0.7375937 
-0.3782905 0.1323388 0.3333561 
-0.2303618 0.5528099 0.4292797 
-0.08514236 -0.2299805 -0.3546327 
-0.3703572 -0.235098 -0.07134452 
-0.1631736 -0.1790211 -0.7009314 
0.4993312 0.4489926 0.3906387 
0.03865932 -0.2340611 -0.6545989 
0.1265978 -0.0897255 0.2556132 
0.5358118 -0.1678405 -0.09612641 
-0.4608321 -0.02616514 0.2319075 
0.3363708 -0.1800426 -0.1929192 
-0.4109876 0.5943492 0.4688977 
-0.1945227 0.004080791 0.2794586 
-0.1871813 0.2483062 0.3416971 
0.3754986 0.3896762 0.4062669 
0.1289051 0.429677 0.4028845 
0.2728322 -0.1793562 0.00173861 
0.2187167 -0.2004853 -0.0877903 
-0.570357 0.5797737 0.4477067 
-0.4255219 -0.2055539 -0.7507666 
-0.5603082 -0.1949969 -0.205134 
0.1609913 0.04852327 0.2614554 
0.4876486 -0.2400142 0.07661229 
0.2032042 -0.2445008 -0.2048116 
-0.5220011 -0.2443378 -0.5419143 
0.06539293 -0.1733161 -0.5501307 
0.09499875 -0.242971 -0.428935 
-0.2147054 -0.2424359 -0.418435 
-0.5512637 0.2617904 0.3336992 
-0.4488878 -0.1332747 0.1678822 
-0.196555 -0.2093534 -0.4725623 
-0.2691094 -0.1648739 -0.7214307 
0.2552257 -0.2254438 -0.09779765 
-0.27616 -0.1695741 -0.1869 
-0.1739036 -0.2158026 0.07591525 
-0.5792954 -0.2129762 -0.680446 
-0.2504313 -0.2393064 -0.5690921 
-0.4028656 -0.1656222 0.1173086 
-0.4622458 -0.1818525 -0.1091799 
-0.5748307 -0.04092364 0.2508946 
0.2435307 0.2041095 0.3097271 
-0.09367228 -0.1889878 -0.4981689 
-0.5432689 0.1562807 0.3233793 
-0.5536834 -0.1897955 0.05091678 
0.3549712 -0.1921499 -0.7466429 
-0.1462683 -0.2409669 -0.2076339 
0.2551279 -0.2225265 -0.1035674 
-0.07642929 -0.07108726 0.2643635 
0.06420965 -0.2332084 -0.2620687 
-0.3277351 -0.1851157 0.2098865 
-0.4003987 -0.1428948 0.1641933 
0.05271919 0.06992272 0.3123218 
-0.4492226 -0.1954527 -0.3407541 
-0.3395899 0.6006651 0.4613571 
-0.3636742 0.04581632 0.3026522 
0.5759351 -0.2240953 -0.2811482 
0.5337942 0.58193 0.4530186 
-0.4223991 0.3996033 0.4223102 
-0.4101929 0.2306449 0.3677266 
-0.01629529 -0.2187257 -0.2516305 
0.4794374 0.1358327 0.3225901 
-0.3392432 -0.2474324 -0.4984533 
-0.2361774 -0.1569328 0.2246916 
0.05503835 0.5760652 0.4619943 
0.277657 -0.1854655 -0.7452578 
-0.06897224 -0.1893798 0.1929695 
0.1735993 -0.2144389 -0.6836827 
0.2215936 0.004585628 0.2440318 
0.3427511 -0.2251453 -0.4570123 
-0.08397122 0.2323941 0.3523844 
0.4210638 -0.2235631 -0.7477857 
-0.3402365 -0.2462265 -0.2433097 
0.3037163 -0.2379106 -0.6200714 
0.3652005 0.4949644 0.411294 
-0.01115438 -0.1119619 0.2390027 
0.5593979 -0.1490016 0.1843245 
0.3680159 -0.1821006 -0.4023185 
-0.3651018 -0.1008469 0.2073198 
0.4962231 0.6266441 0.4751348 
-0.07632717 0.5903009 0.4453205 
-0.4183946 -0.1702754 -0.6284536 
-0.5596891 -0.1331014 0.1918746 
0.1649764 -0.2182067 -0.6083206 
0.4451753 0.2111485 0.3589103 
-0.4100302 0.05101773 0.3048601 
0.604759 0.3147079 0.3671516 
-0.1269605 -0.2171934 -0.7519388 
-0.2752652 0.3672742 0.3708 
0.2981202 0.6124693 0.4658431 
-0.2070499 0.195437 0.346826 
0.5858095 0.6011983 0.455733 
0.5743413 -0.1903463 0.1542346 
-0.4491007 -0.1762561 -0.7131814 
-0.262122 -0.2446145 -0.6870983 
-0.1766248 -0.2242405 -0.48064 
0.3156143 -0.2410551 -0.1907176 
0.5409639 -0.2399284 -0.4932416 
0.1566197 -0.2396721 -0.502809 
-0.2362166 0.622347 0.4575543 
0.5300696 -0.2156913 -0.7610291 
-0.008437976 0.09523379 0.2778369 
0.06016913 -0.2046978 -0.742891 
0.170958 -0.2447696 -0.02404126 
0.3428102 -0.1812946 -0.1191309 
-0.1724508 -0.1867832 -0.5467808 
-0.3724607 -0.2309067 -0.6994575 
-0.4869408 -0.2329043 0.007438458 
-0.05572781 -0.1787584 -0.7378594 
0.2825373 -0.1903701 -0.5054622 
0.4529808 -0.1849982 -0.01969842 
0.4511858 -0.1767911 0.04851496 
-0.3340437 0.4873755 0.4513936 
-0.6019774 -0.2156267 0.01306768 
0.08494887 0.164715 0.3005726 
-0.5682597 0.2413928 0.3455374 
0.5577505 0.0974834 0.2923524 
-0.5740776 -0.1948825 -0.7458988 
0.07083113 -0.2407435 -0.1569954 
-0.2935546 -0.1707362 -0.5347694 
0.3326713 -0.2125719 -0.7711985 
-0.2781995 -0.2089199 0.08438179 
0.5867935 -0.1859711 -0.4569018 
0.3945074 0.6018331 0.4521273 
0.2399996 -0.2360856 0.08133301 
0.2844136 -0.2447368 -0.2771798 
0.02278326 -0.1944477 -0.07334283 
0.2206814 0.2779349 0.3323532 
0.546972 0.3606031 0.3778376 
-0.06397148 -0.237409 0.07707073 
0.2591679 0.1644748 0.2957549 
0.5834097 0.4802095 0.4231686 
-0.0004947602 0.004465919 0.2901669 
-0.3318812 0.6046104 0.4578207 
-0.441829 0.6252301 0.4644855 
0.1150742 0.3352344 0.399371 
0.4892882 0.5739642 0.4310934 
0.1694928 -0.08270905 0.207843 
0.1969335 -0.2075439 -0.7644447 
0.4561081 -0.2120113 -0.7591582 
-0.2601753 -0.1685063 -0.1965565 
-0.5293529 -0.164328 0.2127605 
-0.2612388 0.5285617 0.4604678 
-0.3145961 0.08732915 0.2725646 
0.493187 0.04606724 0.2616498 
0.2974925 0.4507292 0.4312044 
0.05536572 -0.06930266 0.2533629 
-0.1017281 0.6223697 0.4635147 
-0.435348 0.1886225 0.3526946 
-0.5382321 -0.1915214 -0.7367167 
-0.1350899 -0.08339693 0.2097339 
-0.1152985 0.5228642 0.4166926 
0.04631912 -0.2195156 -0.01213433 
-0.4564622 -0.2290266 -0.1628785 
-0.408455 -0.1910953 -0.3511092 
0.3338165 -0.1394853 0.2356192 
-0.2757091 0.3683715 0.3710098 
0.216318 -0.1715089 -0.5419009 
0.5458468 -0.05584252 0.2557421 
-0.3859515 -0.1705271 -0.5520624 
0.54124 -0.1657227 -0.6874402 
0.506942 -0.2219936 -0.6713914 
-0.00779668 -0.2394172 -0.5330435 
0.06239408 -0.1540354 0.1624581 
-0.5318096 -0.2092003 -0.7433403 
-0.3251791 0.1639568 0.3018687 
0.2641407 -0.1917169 -0.4394142 
0.3820348 0.1099893 0.3173227 
0.4363334 -0.1415896 0.184086 
0.3781207 0.2598971 0.320176 
0.04962793 -0.2020977 -0.7464761 
0.1749288 0.5676308 0.4430087 
0.2307947 -0.1717759 -0.2937664 
-0.1967698 0.6012528 0.4438564 
-0.5771177 -0.2059327 -0.3694988 
-0.29511 0.04813365 0.2538008 
-0.5723686 0.4152149 0.3996525 
0.1848551 -0.1617171 0.07921833 
0.2449092 0.336329 0.3533037 
-0.5469916 0.5054574 0.4228673 
-0.4241643 0.4647532 0.4031522 
-0.06622787 0.6256855 0.4723255 
-0.001503766 0.2857951 0.3712016 
0.08124877 0.011995 0.2924121 
0.3903124 0.3430446 0.4005944 
0.3773483 0.2604911 0.3205059 
-0.1241882 -0.004320021 0.2876405 
0.078939 0.4445381 0.4105644 
0.1626547 0.09344199 0.2758118 
-0.6073346 -0.2006917 -0.2834359 
-0.07542329 0.1665191 0.3049175 
0.3672369 0.03438833 0.2993799 
0.3681324 -0.0483847 0.2746205 
-0.5808713 -0.1880582 -0.5218032 
-0.05259273 -0.1943803 -0.6009663 
-0.439226 -0.1668228 -0.1615135 
0.5583089 -0.200069 -0.5679752 
-0.1796901 -0.1666074 -0.1182196 
0.02165606 -0.1823098 -0.6851426 
-0.2374755 -0.2435209 -0.1102564 
0.4002685 -0.162588 -0.177914 
-0.4246619 -0.2288192 -0.4458893 
-0.5164224 -0.1780083 -0.6054302 
-0.2360418 -0.2220692 0.0508292 
-0.2853419 -0.1673248 -0.6370916 
0.444137 -0.1771448 -0.3830616 
-0.5633435 0.07228833 0.2841255 
-0.5412784 0.600395 0.4609042 
-0.1854041 -0.1891336 0.1131213 
-0.1752333 -0.2030954 0.2003327 
0.4598282 -0.2221625 0.1512005 
-0.01292846 -0.2095127 -0.01899979 
-0.5789536 -0.2083994 -0.1879317 
0.1901739 -0.1887417 -0.4602292 
-0.1438621 -0.1765601 -0.0263185 
0.5880629 -0.2069862 0.009147207 
0.5817749 -0.2137637 -0.3735583 
-0.4819154 -0.1804587 -0.2079206 
-0.4738219 0.5860589 0.4462479 
-0.5102118 -0.2232244 -0.1646541 
0.5025427 -0.2448278 -0.1900126 
-0.06488644 -0.2458948 -0.4358508 
-0.05592404 -0.201887 -0.2501079 
0.3432223 -0.1860317 -0.586633 
0.5350391 -0.2359092 -0.0184555 
-0.01605261 -0.2206634 -0.7281519 
-0.4854768 -0.237597 0.06142102 
0.1597259 -0.243496 0.0864877 
-0.4582466 -0.2435211 -0.6408023 
-0.4052174 -0.2250284 0.1275956 
0.1318983 -0.1985382 -0.7395484 
0.04343377 0.6067438 0.4706827 
0.2754934 -0.09812599 0.2011157 
0.4058145 -0.1659954 0.225682 
0.2143256 0.3818913 0.3694274 
-0.2610369 0.04922598 0.2533616 
0.4460453 -0.1777698 -0.5255651 
0.5848129 -0.2175838 -0.4311343 
0.04440279 0.2055664 0.3110878 
0.5338497 -0.1696058 0.05521364 
0.1093254 -0.1747362 -0.2817411 
-0.3675802 0.3638891 0.4092802 
-0.231481 0.1961073 0.3119194 
0.3964582 -0.2322488 0.00793267 
-0.2190467 -0.2377987 -0.01455034 
-0.09375037 -0.215041 -0.7251055 
0.2304743 -0.2184719 -0.440575 
-0.06448003 -0.1751087 -0.3565931 
0.1173782 -0.2433186 -0.5174074 
-0.4533665 0.5368052 0.4635311 
0.5243703 0.02146645 0.2524962 
0.5106902 0.4850694 0.4413781 
0.4197004 -0.1914211 0.005847266 
-0.06371859 -0.1813241 -0.0431578 
0.2004637 -0.1739711 0.003947957 
0.4962198 0.6266443 0.475139 
0.2913729 0.5583078 0.45301 
-0.5452795 0.3908277 0.4070142 
0.4509325 0.287354 0.3838552 
-0.4878188 0.4907517 0.4079935 
-0.4174328 0.3576992 0.3678634 
0.2562349 -0.1026314 0.2492492 
0.06435363 0.5408871 0.4602133 
-0.1611587 -0.149489 0.2337927 
0.005970721 -0.1671412 0.1518229 
0.4351762 -0.1830736 -0.3110311 
0.3639886 -0.1548101 0.1654451 
0.09178084 0.5963757 0.463563 
-0.2424776 -0.1122466 0.2082624 
0.5808601 0.04955792 0.2791611 
-0.1015944 -0.1933262 -0.277719 
0.02346294 0.4832678 0.415439 
-0.1543912 0.4958889 0.4544463 
-0.159033 -0.1998625 -0.744446 
0.0144923 0.3656776 0.3692969 
-0.1449637 0.3787833 0.3702509 
-0.3709202 -0.1822783 -0.3307992 
0.5493895 0.4329465 0.3962766 
0.3725631 0.5370594 0.4453447 
0.1880802 -0.02399398 0.2808516 
0.5715329 -0.1583794 0.01146102 
0.247878 -0.16263 0.218484 
0.1211973 0.530995 0.4580395 
0.2152278 -0.2075902 0.1880462 
0.5592617 -0.2243267 -0.3301834 
0.5825076 -0.201738 -0.6676255 
0.05428309 -0.2346495 -0.3286394 
-0.4837141 -0.05621247 0.2214487 
0.4274503 -0.2457607 -0.5619216 
-0.07719455 -0.009357237 0.2869869 
-0.1051707 -0.1931536 -0.5034913 
-0.190063 -0.1702597 -0.06309727 
-0.1710018 -0.1792416 -0.4418477 
-0.5643566 -0.2134303 -0.01371417 
-0.2461078 -0.2448118 -0.1666708 
-0.5602715 0.2032799 0.314988 
-0.09233151 -0.2107165 -0.5186172 
-0.1859523 0.6128629 0.4638997 
0.07011995 0.4234616 0.3976386 
0.1283219 -0.1756074 -0.1924328 
0.2922449 0.07735425 0.3042682 
-0.125323 0.3342638 0.384353 
0.5027441 0.1983591 0.3534555 
-0.3151618 0.09677274 0.3202499 
-0.3842657 -0.2068055 -0.7583615 
-0.3039052 -0.1938411 0.04403326 
-0.2192557 0.2972302 0.4053902 
-0.2296917 -0.1686078 -0.6369249 
0.1227307 -0.2431269 -0.1658682 
0.02287676 -0.1990369 -0.06474784 
-0.1224499 -0.174064 -0.7008719 
0.5095919 -0.1795447 0.2121546 
0.03582486 -0.2326212 -0.1296922 
0.2120343 -0.2288532 -0.5839785 
0.5636252 -0.1817439 -0.2190998 
-0.3934944 -0.2138742 0.1686404 
0.2721714 0.4475482 0.3901481 
-0.4158978 0.1327538 0.2871656 
0.2787498 -0.1885139 -0.7451156 
0.4045766 -0.1874814 -0.5026495 
0.4422508 -0.2447402 -0.3864954 
0.4215637 -0.2346123 -0.6925778 
-0.5244097 -0.2300289 -0.4109958 
-0.3753204 -0.2459254 -0.5755872 
0.5350083 0.3178475 0.3778758 
0.5866262 -0.1860549 -0.4576236 
-0.2987778 -0.1815463 -0.3254607 
-0.4078426 -0.1203721 0.1913427 
0.1586507 0.200118 0.3105742 
0.5489652 0.2233878 0.3295529 
-0.3070945 -0.1225876 0.2390553 
-0.05404127 -0.1349216 0.1992413 
-0.09053198 0.4462744 0.427072 
0.1836893 0.5949888 0.4695727 
0.5232496 0.5987536 0.4471879 
0.3016003 0.1480294 0.2861462 
-0.471754 -0.195446 -0.09343042 
0.5733908 -0.2036829 -0.7304447 
0.1362764 -0.1790523 -0.5577495 
-0.5736391 -0.1941839 0.1779005 
0.3531395 -0.1827309 -0.2759636 
-0.3772463 0.515582 0.4587201 
0.3814148 -0.2186909 0.1658651 
0.160369 0.2901121 0.3865865 
0.5446803 0.1750598 0.3110065 
0.1793764 -0.2430563 -0.3531914 
-0.05866946 -0.2381103 -0.6338596 
0.54279 -0.2367724 -0.2122626 
-0.09133934 -0.2379568 -0.1929498 
-0.5680315 0.1435737 0.3041306 
0.2120377 0.3122688 0.3428744 
0.02740394 -0.06075337 0.2395615 
-0.1930187 -0.03226342 0.2482731 
0.2299663 0.5172206 0.4173985 
-0.4243954 0.01724317 0.2930259 
-0.4469699 -0.1693272 0.01459254 
-0.2833937 -0.2149914 0.1361782 
-0.3710435 -0.05553501 0.2663358 
-0.4048137 0.07177995 0.3121026 
-0.2182264 0.290021 0.3597893 
-0.1994216 0.3895421 0.413172 
-0.1754873 0.08445504 0.3149233 
0.2538347 -0.1953468 -0.1019978 
-0.4336451 -0.1887741 -0.08184175 
-0.2708927 0.4336351 0.4337688 
-0.001185309 -0.205301 -0.2878215 
-0.4998462 0.284559 0.3856484 
-0.5376058 -0.1857331 -0.3779831 
0.5833026 -0.04341459 0.2435817 
-0.4769188 -0.1975972 0.1724074 
0.2718956 0.2309593 0.3632652 
-0.05942442 0.2847927 0.365982 
0.01375401 -0.1990651 -0.01715284 
0.4918824 -0.09108158 0.2058573 
-0.5303126 0.4941241 0.4449777 
-0.376207 -0.1689992 -0.7276146 
0.4029813 -0.2289801 -0.2500889 
-0.04650223 -0.2343491 -0.3637738 
0.5721892 -0.2016239 0.1665532 
0.4221605 0.3616334 0.3634367 
-0.3030957 -0.2452616 -0.2961471 
-0.340025 -0.2473944 -0.4984392 
-0.2630133 -0.2437782 -0.6922032 
-0.1017643 0.04925622 0.260776 
0.06356359 -0.1756917 -0.5077309 
-0.3115264 -0.2047127 0.0454958 
-0.4659489 -0.2280516 -0.1882898 
-0.08767612 -0.2049681 -0.5240513 
-0.3990452 -0.2341808 -0.02964175 
0.009356496 -0.214567 -0.2584357 
0.469963 -0.2456565 -0.4528551 
0.2844701 -0.228144 -0.6321938 
-0.3377044 -0.2381101 -0.3690721 
-0.4749248 -0.2462358 -0.5300919 
-0.1315707 -0.2021645 -0.2926463 
-0.1887719 -0.2116927 0.07976952 
0.2065846 -0.2155983 -0.6492883 
0.251082 -0.2183381 -0.715905 
-0.1284606 -0.244854 -0.1208219 
-0.5130104 -0.05471973 0.2648189 
-0.2508848 0.444132 0.3925023 
-0.4890481 -0.2157548 -0.7370582 
-0.5386803 0.6094814 0.4568436 
0.1469502 -0.1763239 0.2157131 
-0.3306465 -0.009906928 0.2797567 
-0.233935 -0.2022765 -0.7648408 
-0.3250317 -0.1754262 -0.3476796 
0.2515112 -0.1850227 -0.5008023 
-0.5865912 0.04635783 0.2902802 
-0.03088813 -0.2181386 -0.7366884 
-0.456199 -0.1553 0.2294814 
0.5081 -0.1810692 -0.5819778 
-0.5969159 -0.2068311 -0.1167057 
-0.1050493 -0.1991204 0.1326975 
0.4393243 0.1262149 0.3121352 
-0.4792267 -0.2319223 -0.279733 
0.03240306 -0.1873292 0.2043519 
-0.0535634 -0.1183704 0.2432787 
-0.1061646 0.09773582 0.2793193 
0.5684041 -0.09719387 0.2318633 
0.4586113 -0.1927454 -0.2816658 
-0.2360466 -0.1921188 0.1014876 
-0.06194469 -0.2294206 -0.5282523 
0.5550718 -0.2307835 -0.5311226 
0.1170227 0.1754082 0.3472671 
-0.4435536 0.4202455 0.4287781 
-0.09186654 -0.2005678 0.133092 
0.01534452 0.2924435 0.3440969 
0.315407 -0.222119 0.09124402 
-0.578592 -0.211989 -0.1951462 
-0.3664172 -0.2118737 0.0967105 
0.04875459 0.4294859 0.4244045 
0.04413973 0.3861192 0.3938348 
0.07675753 0.1660295 0.3005486 
0.4473285 -0.009570594 0.2889881 
-0.3080244 0.2120245 0.3584424 
0.1747131 -0.07510361 0.2625503 
0.1038624 -0.03676892 0.2379157 
0.5532381 0.114653 0.3045033 
0.5050824 0.6263027 0.4710343 
-0.155681 -0.2088151 -0.3215734 
0.5624287 0.5026519 0.4349458 
-0.5579033 0.3640121 0.3756158 
-0.5708082 -0.1831439 0.1913372 
-0.1300212 -0.1671012 -0.1194322 
0.09473327 0.2567987 0.3298865 
-0.5525044 0.5083004 0.4319251 
0.2683737 -0.2300013 -0.1063984 
0.5520313 -0.1703241 0.1440302 
0.5386829 0.2683458 0.3464114 
-0.435888 -0.1916291 -0.40648 
-0.3721732 0.194872 0.3142503 
0.4179202 -0.247995 -0.1014117 
0.2564866 -0.2099014 -0.6292179 
0.398927 -0.2199099 -0.2742945 
0.1199492 -0.241129 0.1004565 
-0.2168264 0.4814781 0.4041927 
-0.5823621 0.3673623 0.3841814 
0.4094241 -0.1988717 -0.4125916 
0.05535209 -0.2210295 -0.03452406 
0.4999714 -0.241955 -0.04057528 
0.2389269 0.6415301 0.4714529 
0.5478618 -0.217233 0.1360763 
-0.2389413 0.1114423 0.3237262 
0.2285425 -0.1270931 0.1525311 
-0.5891043 -0.1905671 -0.5228053 
0.3404415 0.5835291 0.4382733 
0.5719527 -0.2037916 0.09499469 
-0.5525621 -0.08285449 0.2206094 
0.2206145 0.1162474 0.3258745 
-0.3420717 0.6079965 0.4546371 
0.02427825 0.2162557 0.3555595 
-0.3693573 0.3594318 0.3612586 
0.4727328 0.05092659 0.3043102 
0.2844688 0.3493842 0.4054363 
0.04573164 -0.1881853 -0.07550071 
0.5619717 -0.1751104 -0.6994928 
0.3473873 0.5953038 0.4434149 
-0.5888047 0.3098933 0.3664833 
0.219194 -0.1697329 0.050981 
0.5745557 -0.206337 -0.04852969 
-0.09957362 -0.1886595 -0.5094662 
0.01382278 -0.1055415 0.2281221 
-0.5214901 -0.1770028 -0.5192287 
-0.009378172 -0.242221 -0.4993623 
-0.4451485 -0.2272303 -0.1279633 
0.02732688 -0.2403234 -0.5938215 
0.4955481 -0.2371771 -0.3179108 
-0.185682 -0.239107 -0.6303033 
0.5546466 -0.2092891 -0.6977773 
-0.3244733 0.3401649 0.3995146 
-0.3857747 0.3319369 0.3579039 
-0.5802513 -0.2111887 -0.4176389 
-0.15223 0.1642106 0.337808 
0.4550504 0.09955531 0.2907257 
0.2622705 0.4855941 0.4446435 
-0.07918239 0.5447353 0.4248267 
-0.5448653 -0.1880607 -0.1532395 
0.07195458 -0.1821474 -0.2587164 
-0.5294832 -0.1933162 -0.3564279 
0.303205 0.2870552 0.3833837 
-0.4837579 0.2199957 0.3156493 
0.4638932 -0.1713143 -0.1096369 
0.07235195 -0.2305812 0.1576939 
0.005107461 -0.2297691 0.1334123 
-0.1521879 0.1715089 0.3040675 
-0.03119945 0.1605968 0.3014446 
0.2237935 0.4831823 0.403792 
0.3003327 -0.03537428 0.2276402 
0.4936944 0.00361197 0.2907174 
0.3681245 0.4555751 0.4087612 
-0.4032971 -0.06563928 0.2647805 
-0.2057733 -0.1915096 0.1037877 
-0.09913983 -0.1958482 0.1443228 
0.6007791 -0.1915182 -0.1858923 
-0.5623759 0.4818943 0.4301962 
0.3476083 -0.1818269 -0.2707003 
-0.09750111 0.3232585 0.3789417 
-0.3557003 0.3 0.3881916 
0.1703236 0.3554698 0.4061173 
-0.5792513 0.4310488 0.4094153 
-0.5016784 0.1362988 0.3277452 
0.3502556 0.3270091 0.348261 
0.0731457 0.4062411 0.3955565 
-0.2561187 -0.02953465 0.2536551 
0.2052928 -0.2217352 0.1634774 
-0.570672 -0.1437825 0.2109051 
0.3129672 -0.1954288 -0.7787677 
0.2176636 0.2282924 0.3627953 
-0.2677892 0.2137183 0.3562829 
0.3614721 -0.202648 0.04101802 
-0.294672 0.5616242 0.4389145 
0.05970149 0.5246435 0.4253321 
-0.5919011 -0.2020336 -0.7271331 
-0.02727832 0.2702812 0.3629695 
-0.04043782 0.2009943 0.3469428 
0.3845212 -0.1185054 0.2484389 
0.1158839 0.05777304 0.2662987 
0.5862429 -0.2118072 -0.6219922 
-0.1916845 0.5802199 0.4696596 
-0.3022282 0.2563415 0.3346107 
-0.09007588 -0.1994928 0.1377959 
-0.4882377 -0.2079315 -0.4200995 
-0.581268 -0.2099184 -0.6639404 
-0.1939848 -0.09902436 0.2213916 
0.05209416 0.6096528 0.4574028 
0.1693168 -0.1720967 -0.2185916 
-0.256189 0.4808898 0.4496734 
0.1073641 0.29218 0.3874716 
0.1212017 0.644783 0.4501173 
-0.539469 -0.2213962 -0.7177694 
-0.1628036 0.4171046 0.424337 
0.5078658 0.3951815 0.3787053 
-0.07508291 0.5054271 0.4128769 
0.2460207 0.5448406 0.457764 
0.2453701 0.3005236 0.3875707 
-0.3500884 -0.04578817 0.2238544 
-0.5513494 0.1446101 0.2985539 
-0.2387408 0.07166687 0.2619962 
0.07917006 0.06684671 0.2694705 
-0.4729465 0.04267181 0.2567674 
-0.1074815 0.593333 0.4686989 
-0.5756092 -0.0389336 0.2499722 
-0.2391914 0.582908 0.4669195 
0.1595535 -0.1483825 0.142461 
0.4138766 -0.1863354 -0.6515286 
-0.009637284 -0.2371012 0.07555429 
-0.3169935 -0.2411518 -0.09521378 
0.3925725 -0.2431015 -0.593173 
-0.2463921 -0.2423225 -0.3107519 
-0.1064312 -0.2388366 -0.6468911 
0.4843501 -0.207212 -0.6635656 
-0.4584348 -0.2252278 -0.4380261 
0.2793832 -0.244311 -0.2407469 
0.2125922 -0.2354448 -0.04491374 
0.3279856 -0.1994624 -0.4324331 
-0.4217976 0.6235453 0.4641443 
0.3538907 0.04103961 0.2499462 
-0.4208066 -0.04216845 0.272941 
0.5437184 -0.1584153 0.2162805 
-0.5381745 -0.01371956 0.2731272 
0.08307019 0.4163601 0.4023561 
0.412527 -0.09088756 0.2098974 
0.4382963 0.1166163 0.3039935 
0.5731278 -0.2027571 -0.05863493 
0.3232855 -0.1866558 -0.2270099 
0.2588733 -0.1582845 0.1332467 
-0.586596 0.04635549 0.290278 
-0.5446437 -0.2121242 -0.0431051 
-0.5165101 -0.1620125 0.1014631 
-0.422991 -0.2446929 -0.617494 
-0.5428389 -0.2325268 -0.6423815 
0.5441815 -0.2262251 -0.5909631 
0.3179349 -0.2372339 -0.3133435 
0.3185234 -0.2315957 -0.5390465 
-0.3863238 -0.2441384 -0.2592655 
-0.00539976 -0.1767911 -0.5844749 
0.3505273 -0.2423539 -0.06485127 
-0.2960684 -0.1719893 -0.3492402 
-0.05765619 -0.2382791 -0.11016 
0.1564016 -0.2010358 -0.6308643 
-0.269677 -0.244859 -0.686795 
0.5744702 0.4049695 0.3975549 
-0.01761315 0.0271293 0.2565761 
0.1340734 -0.006241336 0.2868619 
0.4545859 -0.1755611 0.2175859 
0.4346137 -0.1672537 0.1454737 
0.2384707 -0.1795385 -0.1689214 
0.04934561 0.5959803 0.4617887 
0.03965779 -0.1050205 0.2322904 
-0.09792329 0.4823303 0.4473976 
0.283307 -0.1648544 0.217838 
0.03391054 0.3836645 0.3758931 
-0.4779052 0.2309162 0.3665375 
0.4685582 0.3512425 0.3634142 
-0.4050619 0.3534396 0.3650703 
-0.3432682 -0.1819192 -0.04236135 
0.3173841 0.07975173 0.2613906 
0.3109446 0.122001 0.2764193 
-0.1347288 -0.0728224 0.2625662 
-0.4248584 0.46469 0.4031415 
0.01074595 -0.02116839 0.279801 
-0.2759471 0.3675642 0.3708631 
-0.4838898 0.3310136 0.4022419 
0.367328 0.4550032 0.4092866 
0.3876618 0.2650273 0.3780037 
0.5730669 -0.161327 0.1946808 
-0.526044 0.04728569 0.2653274 
-0.3553011 0.3277591 0.3531657 
0.1443861 0.4714268 0.4046932 
-0.3842191 0.6262671 0.4537702 
0.471993 -0.1748748 -0.3602946 
-0.1952949 -0.175207 -0.2268123 
-0.0897394 0.6241152 0.4633161 
0.2043312 0.650268 0.4642276 
0.4517831 0.2628192 0.3286249 
-0.1747423 0.01234543 0.2511407 
-0.4058092 0.1611183 0.3434299 
0.4033961 -0.1809863 0.08070288 
-0.2221246 0.215101 0.3183825 
0.4957363 -0.2412316 0.02175561 
-0.4826404 -0.1740751 -0.6500036 
-0.1045795 -0.2399511 -0.04447149 
-0.1579986 -0.2155741 -0.7377453 
-0.1855482 -0.1939552 -0.5522549 
-0.1790187 -0.1699892 -0.6510194 
-0.3946203 -0.1682444 -0.7087808 
-0.2358594 -0.242801 -0.3736718 
-0.5594824 -0.1815548 -0.5149832 
-0.283435 -0.2460036 -0.2407738 
0.4290738 -0.2130654 -0.2715287 
0.4344433 -0.1668997 0.1451809 
-0.2815225 -0.2441042 -0.4054584 
-0.4594493 -0.1710934 -0.1741462 
0.04252645 -0.01072741 0.28319 
-0.1641982 -0.2358805 -0.430799 
0.3076914 0.6145035 0.4677432 
-0.06002815 0.3456362 0.3634751 
0.5748627 -0.2160193 0.05341686 
-0.197073 -0.2021078 0.08748623 
0.2090049 -0.1100316 0.2470767 
-0.5709766 0.5969032 0.4525257 
0.3674113 0.4551463 0.4087203 
-0.2245182 -0.2080259 0.08474027 
-0.1393465 -0.1385721 0.1791617 
-0.3798221 -0.006885222 0.2842906 
0.3100319 0.5161211 0.4450817 
0.4833806 0.07639458 0.2773277 
-0.2278072 -0.1732276 -0.4411669 
0.0431184 -0.2426887 -0.4373465 
0.4921941 0.4106801 0.4198343 
0.5414099 -0.2289943 -0.0766653 
0.1662385 -0.2464851 -0.2410921 
-0.0344595 0.598702 0.4562951 
0.4451502 0.3295271 0.3968277 
0.1447213 0.3508077 0.3635492 
-0.04780214 0.2531652 0.3578147 
0.05749489 0.4647425 0.4361728 
0.2895808 0.06368878 0.2990177 
0.4893836 -0.1729594 -0.3524266 
-0.5280228 -0.2137159 -0.3336375 
0.5293734 -0.2339773 0.08213538 
-0.1795913 -0.196396 -0.5454992 
-0.07021385 -0.2334824 -0.003166274 
0.4888002 -0.09193962 0.2565967 
0.1964294 -0.2123733 -0.6133262 
0.5717931 0.6071875 0.4574344 
-0.4188554 -0.182722 -0.27136 
0.3491522 0.1449283 0.3337698 
-0.2745588 0.313398 0.3855275 
-0.47353 0.09143498 0.2733052 
-0.2688275 -0.1650017 -0.7221591 
-0.5857372 -0.2052205 -0.6903866 
0.3122607 0.367045 0.3638717 
0.4450424 0.408089 0.3804147 
0.507165 0.6314901 0.4649739 
-0.02721212 0.5417245 0.4656235 
-0.1018528 0.1833374 0.3422795 
-0.4390303 -0.1380432 0.1673758 
-0.3491095 -0.1412281 0.1727777 
-0.5737562 -0.2105424 0.01993865 
0.4106426 -0.1899375 -0.7357113 
-0.3326373 0.06365577 0.2609462 
0.579459 -0.2091597 -0.5980452 
-0.3303546 -0.05683057 0.2220281 
0.05208639 0.1727923 0.3448618 
0.4253182 -0.1499952 0.2364679 
0.08102044 0.2962864 0.3453143 
0.2120882 0.3487945 0.3555399 
0.2123277 -0.02302268 0.2350159 
0.5683873 0.2363392 0.3385218 
0.5573446 -0.2084947 -0.7447658 
0.340792 0.4860274 0.431462 
0.330653 0.0954334 0.3147176 
-0.5693746 -0.2187286 -0.537247 
0.03226054 -0.105402 0.2307679 
-0.2245037 0.1952038 0.3108891 
0.03529507 0.3063901 0.385018 
0.5316357 0.4691903 0.4013215 
-0.06417747 -0.1752125 -0.3575831 
-0.02215154 0.08983832 0.3186928 
0.1619276 -0.1828218 -0.03645438 
-0.3312564 0.4558441 0.3984632 
-0.5025616 -0.1611195 0.05383963 
-0.0107539 -0.1966689 -0.7579694 
0.4166588 0.562203 0.4451108 
0.1041163 -0.1711936 -0.4124876 
-0.1163156 0.2757806 0.3586119 
0.4539536 -0.1775262 -0.06560622 
-0.4166997 0.4578546 0.4413497 
-0.2960718 0.51231 0.4578291 
-0.3697275 0.5705729 0.4660369 
-0.1497887 -0.1798187 -0.2542911 
0.4343753 0.1822247 0.3129773 
0.102068 -0.1753422 -0.2303967 
-0.1149976 0.5810229 0.4387883 
0.2462182 -0.145216 0.2277737 
0.576658 0.553536 0.4370326 
0.1202709 -0.1035022 0.206639 
0.4530558 -0.1843095 -0.01915162 
0.01151431 -0.2067778 -0.02729044 
-0.595301 -0.2087973 -0.05296309 
-0.5681479 0.1417622 0.3040847 
-0.5280461 -0.1767948 0.1573026 
-0.2613005 -0.1690671 -0.1849809 
-0.2870946 -0.1750949 0.2168316 
0.2999878 -0.2038918 -0.4713405 
-0.1736408 -0.2341299 -0.2507741 
-0.1759951 -0.188144 -0.5433559 
-0.4605039 -0.2265193 -0.0412293 
-0.09090876 -0.2388808 0.05792979 
-0.3282168 -0.2448619 -0.6037069 
0.22721 -0.2208737 -0.7015219 
0.350726 -0.2209957 -0.4436435 
0.05275766 -0.1776521 -0.6691661 
-0.5130405 -0.2056324 -0.0679286 
-0.329834 -0.2435792 -0.1449926 
0.378024 -0.2295372 -0.2411179 
-0.2733328 -0.170658 -0.477406 
0.3629755 -0.1942121 -0.6459401 
0.2778746 -0.2300399 0.1192042 
0.3093189 -0.2408319 -0.3578515 
-0.3077736 -0.2456572 -0.1882394 
-0.5766022 0.2827236 0.3592798 
-0.5965911 -0.207192 -0.1057389 
-0.5704633 0.5809587 0.4485739 
0.3375252 0.6062505 0.4528868 
0.1964301 -0.2417253 0.08099135 
0.4679676 -0.1836787 -0.6626816 
0.2399377 0.1691569 0.2984626 
0.1696232 0.09966444 0.3218071 
0.05970989 -0.2017853 -0.07227461 
-0.5765719 -0.0942698 0.2309286 
-0.2934985 -0.2097235 0.1814267 
-0.5896122 -0.2076461 -0.1487103 
-0.3690504 -0.1721734 0.1004303 
-0.6074029 -0.2009677 -0.283617 
-0.2140633 0.3288887 0.3772229 
-0.1154599 0.04239654 0.3030701 
0.4575711 -0.05959473 0.220874 
0.1390899 0.3146683 0.3951872 
-0.3834128 0.1855008 0.3518457 
0.1938014 0.4070897 0.4207511 
0.5806527 -0.2144686 -0.308678 
-0.1365744 0.3696488 0.3675632 
-0.09286031 0.09034696 0.2764027 
0.07459504 0.1049874 0.2814865 
0.3955953 -0.1927613 0.200751 
0.4383485 -0.1567831 0.1664637 
-0.5492215 -0.2123037 0.1555368 
-0.5216419 0.4948116 0.4105096 
0.1456341 0.2499484 0.326643 
0.04478643 -0.1721277 0.1186464 
0.4532561 0.1245543 0.309952 
0.1202274 -0.1686406 0.06325401 
-0.492218 0.5258414 0.4586232 
0.2968567 -0.1086957 0.1979034 
-0.1367846 -0.2028116 0.1596325 
0.01194158 -0.08013688 0.217494 
-0.2750272 0.3680814 0.3709468 
-0.5930305 -0.2100902 -0.451017 
0.5553951 -0.2321995 -0.4420905 
-0.1859544 -0.1827833 0.2157887 
0.4792925 0.2482099 0.3693666 
-0.5807022 -0.1874885 -0.5209504 
0.5840616 0.5883503 0.4509106 
0.2923712 -0.1849586 -0.7685876 
-0.209182 -0.2056392 -0.7711912 
0.3008437 -0.2182598 -0.4367858 
-0.5259883 0.2425571 0.3238725 
0.5201364 0.5788565 0.4398024 
0.4644619 0.6069412 0.4384406 
0.5874646 -0.1861996 -0.4578325 
0.3778871 0.2314747 0.3654066 
-0.3973078 -0.1880356 -0.3399976 
0.5874952 0.1844806 0.3213544 
0.06427967 -0.1719345 -0.3713457 
-0.4769079 -0.1802309 0.2115934 
-0.3721696 0.1948685 0.3142486 
0.1611717 -0.1234661 0.2423613 
0.589113 -0.01386954 0.253611 
-0.1565439 0.2122165 0.3463131 
-0.263437 0.1391279 0.2921667 
-0.3042825 0.0665815 0.3088308 
0.07322459 -0.1788919 0.06721417 
-0.3547152 0.06311065 0.2600358 
0.4660427 0.4390075 0.4279947 
0.01253645 0.4417247 0.4112065 
0.5071133 0.1986048 0.3142697 
0.3867012 -0.02086691 0.2841344 
0.205897 0.04712887 0.25855 
-0.543413 0.5393786 0.4279768 
0.3762342 -0.2251974 0.1359749 
0.5806146 -0.03619359 0.244234 
-0.1545609 -0.2061048 -0.7471363 
-0.3958244 0.2519922 0.330873 
0.4854241 -0.2110128 -0.7562478 
-0.2897983 -0.2437265 -0.5792 
-0.2679729 -0.165049 -0.7217041 
0.2271363 -0.2454328 -0.3238459 
-0.1787634 -0.2445092 -0.09586374 
0.01025408 -0.1731247 -0.3583624 
-0.5735024 0.6278688 0.4604177 
-0.2398997 -0.1971912 0.19268 
-0.2398002 0.3578568 0.4002791 
-0.2185711 0.2314325 0.3522408 
0.4539732 0.4768558 0.3979336 
0.1315536 0.3856168 0.4078432 
0.4622405 -0.2447977 -0.2069226 
-0.1266385 0.2979838 0.3625062 
-0.0408448 -0.2390778 -0.1654185 
-0.166391 0.5119827 0.4135287 
-0.3202153 -0.1685345 -0.5853588 
0.5537902 0.2097654 0.3404 
-0.1379162 0.362749 0.3969935 
0.2726843 -0.2225407 -0.6731079 
0.3116333 -0.2161593 0.05363725 
0.4726987 -0.1777917 -0.4890185 
0.08909754 -0.2422564 0.05579173 
0.1718777 -0.2406986 -0.1461405 
-0.01695072 -0.176446 -0.640111 
-0.5537966 -0.221149 0.1046931 
-0.5244113 -0.2300281 -0.4109923 
-0.2519606 0.5674707 0.464574 
-0.2313001 0.1125175 0.2785701 
0.01181243 -0.1149446 0.2240254 
0.5654899 0.000169747 0.2712053 
0.07977477 0.1268887 0.3310886 
-0.330716 -0.1688826 -0.1535152 
-0.5862625 -0.2060596 -0.2504477 
0.5429865 0.3196523 0.3826509 
-0.5252194 -0.1364188 0.1739854 
0.01358215 0.1617078 0.2997958 
0.4065261 0.5800658 0.4533459 
0.2580145 0.2261655 0.3161891 
-0.5180851 -0.04419193 0.2312504 
0.3868459 -0.06444823 0.2697363 
0.5686087 0.3883741 0.3885197 
0.2707964 -0.04050867 0.2739167 
0.2326558 0.3760735 0.4143229 
-0.09276012 0.2242717 0.323624 
0.02493568 -0.1868145 0.07100321 
-0.03086134 -0.08095324 0.2565848 
0.3150146 -0.09765832 0.2535203 
-0.1328192 0.4502867 0.4366671 
0.1270307 0.02466097 0.2555067 
0.3821146 -0.03327191 0.2291293 
0.4002651 -0.1625892 -0.1779129 
-0.4893496 -0.1773863 -0.50583 
0.5349894 -0.1637062 -0.6780857 
-0.5885444 0.3186278 0.3689239 
0.2438864 -0.2472125 -0.2950554 
0.1315014 -0.2437716 -0.2967047 
0.4142454 -0.2421397 -0.02025141 
0.3347262 -0.03583444 0.2769586 
-0.5189234 -0.217083 -0.410917 
0.2680233 -0.2229281 -0.6875734 
0.1071297 -0.2382579 -0.5697565 
-0.2136686 -0.2408631 -0.4475923 
-0.4463633 -0.227167 -0.1276581 
0.3286091 0.2474445 0.3192088 
-0.007685402 -0.2371472 -0.6350361 
0.07124043 0.01539959 0.2541573 
-0.5597644 0.1170095 0.2931479 
0.5565277 -0.1861659 0.09473004 
-0.3616334 0.5485601 0.4299207 
-0.01787565 0.2708376 0.3640475 
-0.4442536 0.1401558 0.3347014 
-0.5232561 -0.1836241 -0.2732727 
-0.5766516 0.2422211 0.331001 
-0.5376274 0.6224138 0.4635439 
0.1289521 -0.2425061 -0.3939255 
-0.3403455 -0.1733633 -0.4380066 
0.5497227 -0.1796259 -0.2476525 
-0.1058747 -0.174105 -0.05005105 
0.5868509 -0.1965006 0.008779355 
-0.4827961 -0.1280011 0.2397531 
0.2267943 -0.2326683 0.1248951 
0.1859766 0.6236416 0.4688209 
-0.07843392 0.4262118 0.4026014 
-0.001961163 0.168411 0.3415673 
0.3109444 -0.2153715 0.1743082 
0.5119283 0.04637162 0.2626604 
-0.1269268 -0.03844578 0.2286553 
0.03199955 -0.2000004 -0.2836649 
-0.5432867 0.1125587 0.3102151 
0.2905573 -0.179902 -0.3122709 
0.5340204 0.0702754 0.3013405 
-0.04776885 0.1451261 0.334164 
-0.3688979 0.6113689 0.4528466 
0.2299627 -0.1719506 -0.2931676 
0.03362925 -0.07199349 0.2376295 
-0.4666223 -0.1642992 0.06479172 
0.04294373 0.6111358 0.475246 
-0.5883604 -0.1991163 -0.3173209 
-0.08218145 0.4215077 0.3981362 
0.1307636 0.1269704 0.3314258 
-0.2888876 -0.1735346 -0.06826392 
0.4002646 -0.1625892 -0.1779185 
-0.2829164 -0.1943254 0.07082291 
0.5002949 0.2939411 0.3791911 
-0.5166008 0.1642756 0.2989258 
-0.44138 0.3157367 0.3515086 
0.02855283 -0.1720825 -0.4106278 
0.2696225 0.6286463 0.4727822 
-0.4530141 0.5950364 0.4693802 
-0.5800531 -0.1524026 0.2009103 
0.3819041 0.4270934 0.402018 
-0.5865966 0.04635967 0.2902782 
-0.3258663 0.5370023 0.4271213 
-0.1117384 -0.04080099 0.2758778 
0.2563412 -0.2024344 0.1934613 
0.1771673 0.5451717 0.4631577 
0.5360459 -0.1928994 0.1948367 
0.3293686 -0.2063797 0.04682101 
-0.5349846 -0.1897369 -0.3524315 
-0.5629951 0.1925772 0.3299144 
0.2100192 0.09435558 0.2738953 
0.02001511 -0.2030434 -0.7453963 
-0.4884434 0.3817552 0.4157796 
0.6047577 0.3147126 0.3671507 
0.1267292 -0.18465 -0.1430586 
0.1031789 -0.2275437 0.1579101 
0.2152004 0.5635186 0.4379731 
-0.3273817 -0.2045262 0.03470376 
-0.2032692 -0.1960671 -0.3142394 
-0.1603834 0.1261832 0.2871068 
0.1143684 0.03932982 0.3022207 
-0.1391487 -0.1766203 0.2193939 
0.2768458 0.1176699 0.3237906 
0.3658884 0.1125461 0.2840699 
-0.2670435 -0.1684786 -0.2033037 
0.1625616 -0.1803993 -0.4289753 
-0.385499 -0.1842633 -0.331928 
0.1797571 0.002804338 0.2455894 
-0.5007676 -0.20291 -0.7514068 
-0.2120941 -0.2359193 -0.2819643 
0.2503361 -0.2340415 -0.005048855 
0.4504748 -0.2396922 0.05873172 
0.4066693 -0.2420322 -0.501456 
0.1366206 -0.2446443 -0.04578707 
0.2435839 -0.2439416 -0.2100829 
0.1555524 -0.2401503 -0.09203043 
0.5234343 -0.1788952 -0.288827 
-0.3998224 -0.2341671 0.01814185 
0.2117314 -0.2096835 -0.6766629 
-0.09736046 -0.2063569 -0.5079749 
0.4763418 -0.246052 -0.3937149 
0.0404502 -0.2419439 -0.5487429 
-0.4600635 -0.1679173 -0.01549132 
0.06514578 -0.1743986 -0.6402787 
-0.2633158 0.6365827 0.4731191 
-0.366535 0.3215012 0.3532487 
0.4134296 -0.09090082 0.2100826 
-0.4258476 -0.1712802 -0.5777606 
0.5828828 -0.2012559 -0.7088787 
0.1509229 -0.2107744 -0.7154453 
-0.3261085 -0.2401721 -0.411579 
-0.4614092 -0.2347205 0.1022052 
0.3010892 -0.1852721 -0.1513585 
0.05374341 0.6078897 0.4691191 
-0.2664043 0.07119084 0.309486 
0.3498512 -0.06100084 0.2190976 
0.1060684 -0.1779831 0.2171191 
0.1646591 0.3222837 0.3503981 
0.07731191 0.166848 0.3008401 
-0.2358098 0.1624972 0.2990847 
0.1336411 0.5809265 0.4533028 
0.3662612 -0.00456409 0.2368778 
0.149103 -0.1939481 -0.7617999 
0.5394087 0.4091596 0.4106891 
-0.2747098 0.6036971 0.4573312 
-0.4421143 -0.2239071 0.1514363 
-0.2467311 -0.1751713 -0.04308563 
-0.2099915 0.1477116 0.3351428 
0.5788437 -0.208581 -0.1522564 
0.106818 -0.2023873 0.1961144 
0.5689653 0.4742917 0.4134456 
0.5208318 -0.1701425 -0.0769548 
0.589186 0.1730353 0.3199441 
-0.36493 -0.211709 -0.7449692 
-0.1317979 -0.2080844 0.1052978 
-0.5715524 -0.1909923 0.09747942 
-0.3236053 -0.1547341 0.228067 
0.5805818 -0.1969009 -0.6899691 
-0.333231 -0.2050719 0.05666752 
-0.009429242 -0.2431562 -0.4399372 
-0.5339575 -0.2260853 -0.2158495 
0.4999886 -0.231345 0.1203071 
0.2496448 -0.02317606 0.233239 
-0.584376 -0.2091943 0.05231304 
0.3133161 -0.2054567 0.0666507 
0.4543974 -0.246488 -0.530722 
0.09031851 -0.04895733 0.269231 
0.3146292 0.3967289 0.416133 
-0.1333244 -0.1845617 -0.5287249 
-0.1021432 -0.1930955 0.1512578 
0.3953504 -0.2479183 -0.14171 
0.1086057 0.2567015 0.3753528 
-0.4947591 -0.1799789 -0.7024859 
-0.4742941 -0.2107476 0.1798267 
-0.585502 0.2266802 0.3283551 
0.5705448 -0.172493 0.1928364 
-0.5745564 -0.2066638 -0.3829479 
-0.03200886 -0.1814028 -0.1650463 
0.5864094 -0.2142226 -0.4162594 
0.2508053 -0.1050458 0.1862939 
-0.4454732 -0.1014652 0.1944238 
-0.2717034 0.299323 0.3526794 
0.5873026 -0.2106728 -0.6217204 
0.5156503 0.1565553 0.3370199 
-0.5477329 0.2724228 0.3700414 
0.5696202 -0.2207701 -0.230087 
0.05313197 -0.1940145 -0.07537197 
-0.4358135 0.27237 0.3826745 
-0.08311054 0.09376384 0.3193447 
-0.4622774 -0.1921171 -0.7386039 
0.3352502 0.03614735 0.248052 
-0.06283186 -0.0001492718 0.2469618 
-0.291861 -0.06095535 0.2417065 
-0.2908257 0.1134036 0.2833475 
0.4620187 0.2125309 0.3165563 
0.01621014 0.5198339 0.4566838 
0.1755367 0.2042443 0.3562837 
0.2593122 0.2836286 0.335712 
0.5660418 -0.1908687 -0.7039797 
-0.3804773 0.4698841 0.4455234 
-0.3499111 -0.1101234 0.2464018 
0.05761635 0.399517 0.3882516 
0.2307888 -0.1717484 -0.2930358 
-0.04628995 -0.1795719 -0.3419087 
-0.5342431 0.5498226 0.4552993 
-0.5795227 -0.2004014 -0.151839 
0.5385973 -0.1048167 0.206231 
0.5680405 0.2347793 0.3381841 
-0.1362796 -0.1721026 -0.6616155 
0.3085322 0.5858198 0.4563654 
0.5222926 0.6261698 0.4608191 
0.2770844 -0.2069147 -0.6882613 
0.3454674 -0.2254736 -0.7466893 
0.2713441 -0.2296539 -0.3998873 
-0.4368358 -0.2364408 0.00255728 
-0.0898762 -0.2420041 -0.08600986 
-0.3030978 -0.1869798 0.05511253 
0.3277932 -0.2350859 -0.04320065 
-0.06489173 -0.2458945 -0.4358532 
-0.5381231 -0.2303402 -0.6803106 
0.3654064 -0.2071251 0.02884506 
0.3136576 -0.2182612 -0.468743 
0.2367004 -0.2117497 -0.6102276 
0.358067 -0.2153841 -0.2463754 
0.41649 -0.2155692 -0.7557949 
0.0948223 -0.1740233 -0.5605192 
0.08089014 -0.2350433 -0.6177518 
0.0540797 -0.174581 -0.5295567 
0.0570875 -0.2405196 -0.3789617 
-0.4531875 -0.1732709 -0.1333812 
0.4684843 -0.246069 -0.09120935 
0.5279242 -0.2412589 -0.1587025 
0.5444994 -0.169138 -0.1189883 
0.09680892 -0.2435004 -0.4832317 
-0.4152628 -0.2363054 -0.2900266 
-0.405633 -0.2296997 0.07297383 
0.5065857 -0.2449828 -0.5169902 
-0.3272607 -0.1701251 -0.4943031 
-0.3946241 -0.1682444 -0.7087812 
-0.2108915 -0.2309289 -0.5967842 
-0.5546968 -0.2327765 -0.5635088 
0.5832607 0.5365254 0.4354113 
-0.509659 -0.187149 0.1710469 
0.5347983 -0.2154031 -0.7607009 
-0.5207906 -0.1866258 -0.2981933 
-0.319315 -0.1440087 0.1708651 
-0.530869 0.4560861 0.3996544 
-0.192712 -0.1777827 -0.3020773 
-0.4378948 -0.2066682 0.1601679 
-0.5832314 -0.2170345 0.02100538 
-0.577094 -0.1914608 0.1735173 
0.5678023 -0.09389031 0.2286361 
-0.1854803 -0.1688618 -0.1757472 
0.297933 0.5920887 0.4519379 
0.01003257 -0.1967173 -0.04024602 
-0.3407291 0.1725207 0.3467312 
0.4447683 0.3145456 0.3473856 
-0.5031006 0.4372374 0.4309111 
-0.3565347 0.2251194 0.3644221 
0.5779184 -0.06133145 0.2383916 
0.3011369 -0.1808552 -0.02854779 
0.3618872 -0.1966569 -0.2770095 
0.1551029 0.6074687 0.4661607 
0.03018011 0.245407 0.3250328 
0.1255378 -0.07354946 0.221521 
0.583314 -0.2080811 -0.2817956 
0.497725 -0.1719439 0.02731838 
-0.3818493 0.09050589 0.3187311 
-0.1735448 0.455341 0.4414097 
-0.1654802 0.02398486 0.2933408 
0.03556888 -0.09489504 0.2338557 
-0.02159443 -0.1616675 0.2181257 
0.1469533 -0.1640441 0.0345313 
0.5185671 0.5193263 0.4414724 
0.3620255 -0.2122928 0.1769017 
0.2271152 0.1895092 0.3503678 
-0.1059866 0.5308133 0.4635986 
-0.4381812 0.05847382 0.3066564 
-0.5832296 -0.2170348 0.02099987 
-0.106597 0.284234 0.3420056 
-0.4916447 0.2828174 0.3381548 
-0.2418444 0.4052238 0.4221972 
0.3238165 0.4820698 0.4065223 
-0.007179952 0.04402691 0.3040531 
0.05110313 0.5963582 0.4620012 
-0.02083724 -0.1980914 0.1905783 
0.1676064 0.4375494 0.3956898 
-0.07473224 -0.1950637 -0.2557466 
0.4040608 -0.2164544 0.1674971 
-0.4503129 -0.1960796 0.2019999 
-0.534502 -0.1730139 0.07832304 
0.4334986 -0.1885293 -0.2883804 
-0.4184784 -0.1729826 -0.5261698 
-0.5726495 -0.1962386 -0.4432868 
-0.5511007 -0.2357528 -0.5277194 
-0.3311491 -0.2413523 -0.3326723 
0.3586672 -0.1818503 -0.5626462 
0.03573631 -0.2174525 -0.2790417 
-0.3879851 0.3623144 0.364311 
-0.1847582 -0.04875054 0.2610218 
-0.0820289 -0.2345712 -0.6623129 
-0.003797041 -0.225574 0.01610468 
-0.588249 -0.2056236 -0.6995032 
0.4856791 -0.1701355 -0.6788768 
0.3135762 -0.2402043 -0.1500753 
0.2684341 -0.2318043 -0.1028325 
-0.3900432 0.6323023 0.4538857 
-0.1983461 -0.1886421 0.1101318 
0.4854124 -0.1771536 -0.04236747 
-0.09481288 -0.1136999 0.2029908 
-0.5155916 0.3634325 0.3678829 
-0.423466 -0.1393521 0.236349 
0.3998118 0.2964761 0.3882316 
-0.4738803 -0.07101952 0.2624345 
0.153877 -0.2143941 -0.6776778 
-0.5061928 -0.1891956 -0.2475155 
-0.2958018 0.5938451 0.455667 
-0.2826514 0.4668534 0.4007056 
-0.2210393 0.623033 0.4600659 
-0.4486547 0.3099156 0.3956594 
-0.04093984 -0.2298229 0.1113606 
0.4361271 -0.1412761 0.1840454 
0.04066214 0.6079082 0.4654484 
-0.4418628 -0.1784965 -0.03815426 
0.5809822 -0.2171183 0.008169138 
0.3775081 0.2596344 0.3202552 
0.4217269 0.02944496 0.252557 
-0.3266001 0.1260414 0.3306463 
-0.5787176 0.3298328 0.3689078 
0.2560491 0.5722461 0.4413503 
0.1838484 0.5043652 0.4529142 
0.001756281 0.3460656 0.3670354 
-0.1071579 0.6163017 0.457468 
0.4475714 -0.1261653 0.2468564 
-0.04842179 0.2322504 0.3529961 
0.5754926 -0.1693988 0.178359 
-0.1686638 -0.1052773 0.2460325 
0.5659754 -0.1321081 0.2196993 
-0.5806881 -0.09774408 0.2245111 
-0.3917606 0.3154392 0.3949394 
-0.2680259 -0.1741336 -0.3379731 
0.4726252 -0.1906114 -0.2958665 
0.3680412 0.455432 0.4093275 
-0.5835466 -0.1998832 0.1237607 
-0.06759062 0.6258566 0.4723005 
-0.2960415 0.01903946 0.2890727 
-0.3232474 -0.1956386 0.06297769 
-0.4157703 0.5000424 0.4546879 
0.2841549 0.1662332 0.2940177 
-0.4752302 -0.0221283 0.2785238 
-0.4955689 0.5723267 0.4657442 
0.4763514 -0.1745095 -0.2086752 
-0.1375739 -0.1681164 -0.1543685 
0.2347569 0.1835305 0.3033178 
0.6011935 -0.1964483 -0.1997707 
0.1771836 0.04224409 0.3025754 
-0.2292225 -0.006810827 0.2625981 
-0.523509 0.4008366 0.3816268 
0.4168216 0.4972735 0.4076673 
-0.1178273 0.007846148 0.2457917 
0.2043548 0.2960958 0.3870946 
0.2745807 -0.1893452 0.05815027 
0.5851343 0.5902695 0.4516789 
-0.1538076 0.5917804 0.4695939 
0.2874637 0.4134125 0.3795844 
0.4856994 -0.03943571 0.276553 
-0.5805073 -0.195631 -0.7405278 
0.02281838 0.3752057 0.3725329 
0.3025958 -0.182363 -0.05686668 
0.4674276 0.5861199 0.4315913 
-0.2514507 0.1793705 0.3461402 
0.4244241 0.2581085 0.3755583 
-0.5798374 0.4184545 0.404433 
-0.4758183 -0.2027279 -0.7506148 
0.1154478 -0.14736 0.1573814 
-0.5735438 0.6150269 0.4578063 
0.1883579 -0.1490446 0.1309477 
-0.1317545 -0.1900568 -0.2793989 
0.04168538 -0.1735124 -0.4440253 
0.5799208 0.4566232 0.4151455 
-0.1652989 0.06071235 0.3072874 
0.2298137 -0.02777162 0.2788855 
-0.1404371 0.3197527 0.373977 
0.0897187 0.359456 0.4002728 
0.01289182 0.3156421 0.3823108 
-0.2012372 0.4783335 0.4493692 
-0.1973233 -0.2077824 0.1837718 
0.5094929 0.6246022 0.4554409 
0.2549205 -0.179649 -0.3440389 
0.5761691 -0.1940573 0.1699528 
0.03064265 -0.1523199 0.1740477 
0.4883066 -0.2016357 0.1915551 
-0.5884812 0.4575949 0.4134506 
-0.5777868 0.2787443 0.3499143 
0.2958565 -0.2252179 0.1524933 
-0.5536897 0.5003789 0.4410253 
0.5674341 -0.2243716 -0.3936278 
0.578524 -0.2218197 -0.2720799 
-0.2975253 0.6202233 0.4659005 
-0.4150268 0.5507792 0.466375 
-0.5771693 -0.02244072 0.2580836 
-0.4757041 0.6171767 0.4685331 
-0.06438272 -0.1755689 -0.6428046 
-0.3504578 -0.1698059 -0.5326844 
0.225251 -0.1847976 -0.4965138 
-0.466486 -0.2000258 -0.3470482 
0.1441132 -0.240408 -0.4465967 
-0.1123009 -0.2346906 -0.6001663 
-0.4582521 -0.2427253 -0.4895952 
-0.5352834 -0.2407057 -0.5086268 
-0.1468772 -0.2158288 -0.3278952 
0.5129786 -0.1846857 0.1739239 
0.08014814 -0.1795717 -0.1823372 
0.562841 -0.1746302 -0.1635399 
0.1740903 -0.1703719 -0.5501761 
-0.2240691 -0.2421322 -0.06844842 
0.03694598 -0.2396338 0.08616904 
0.2094707 -0.2394491 -0.1686917 
0.4178149 0.01911784 0.2974988 
0.2045004 -0.2136927 -0.7477504 
0.09488295 -0.2391532 -0.1184415 
0.02729755 -0.1838976 -0.1613892 
-0.5450401 -0.1813081 -0.4393133 
0.4148734 -0.1754166 0.1013954 
0.1177882 -0.2208394 -0.659723 
0.3749961 -0.2463345 -0.0905245 
-0.3567516 -0.2424469 -0.6441637 
0.2887123 -0.2057605 -0.5993856 
0.2161981 -0.2153846 -0.603187 
-0.1908466 -0.2434528 -0.1981674 
-0.5341853 -0.2380483 -0.5949079 
-0.1218231 -0.2409613 -0.02161811 
0.272449 -0.2442935 -0.3218899 
0.4491057 -0.2235873 -0.7385029 
-0.3382945 -0.1681042 -0.6526386 
-0.3796362 -0.1688495 -0.7236507 
0.3684618 -0.2210167 -0.4394532 
-0.3327094 -0.234865 -0.03911334 
-0.2585026 -0.2411345 -0.5151872 
-0.1808093 -0.2351006 -0.6855718 
0.2297399 -0.2012097 -0.4695011 
-0.4936411 -0.2459556 -0.5744027 
0.4541452 -0.2358225 -0.6513421 
-0.1572851 -0.2449539 -0.1592551 
-0.01674289 -0.2112975 -0.7242827 
0.1686525 -0.2448735 -0.2006383 
-0.3754502 -0.1748053 -0.2386864 
-0.4889288 -0.149242 0.1371379 
-0.5883918 -0.1960339 -0.5904958 
-0.5994231 -0.2125544 -0.01686883 
0.5742995 -0.2156533 -0.518412 
-0.2867765 0.5828494 0.4478662 
0.5254427 -0.170485 0.08706962 
0.5815979 0.5165292 0.4287606 
0.2191857 -0.2004229 -0.08793922 
-0.518258 -0.2289022 0.1290554 
-0.06328023 0.5572547 0.4692703 
0.519196 0.01157828 0.2484514 
-0.5667784 0.02099302 0.2665935 
-0.5011624 -0.2057179 -0.3368425 
-0.2612565 -0.1436867 0.1681645 
0.48221 -0.1700952 0.08200266 
-0.4142623 -0.2033366 -0.3973409 
0.3055916 -0.1298036 0.1818871 
0.5693771 0.07697918 0.2893139 
0.5897323 0.0137738 0.2661068 
0.3553782 -0.1972652 0.05599898 
0.5429885 0.3196488 0.3826493 
-0.5753942 0.4652491 0.4129176 
0.4700106 0.1074969 0.2966826 
-0.3856365 0.5987905 0.4643762 
-0.3357347 -0.07768131 0.2168116 
0.5387827 -0.1150413 0.2372155 
-0.5815631 -0.2081229 -0.6194653 
-0.1573813 -0.1848563 -0.3940726 
0.5137225 0.4538718 0.4326659 
-0.483056 0.0869557 0.3129393 
0.4719812 0.1947305 0.3520523 
-0.4357693 0.01671988 0.246015 
0.03940153 0.03916401 0.2606183 
-0.2958426 0.4844928 0.4513092 
-0.5500991 -0.07286514 0.2496216 
-0.3799512 -0.1688495 -0.7242807 
0.1896739 -0.1819766 -0.4903652 
-0.3367512 0.5312315 0.4605288 
-0.5430921 -0.1192837 0.2330844 
-0.3556447 -0.1984497 -0.753208 
-0.08412836 0.150879 0.3002903 
-0.4604345 -0.1960582 -0.4242195 
-0.5843745 -0.06598546 0.2400568 
-0.3143347 -0.1255945 0.1885408 
-0.123153 -0.1814018 -0.4224592 
-0.5020999 -0.194069 -0.7447642 
-0.5271611 -0.1825659 -0.1814055 
-0.1257358 0.6126525 0.4568353 
0.2935351 -0.1495009 0.159061 
0.2716274 0.4034495 0.4221862 
-0.3627536 0.06432164 0.2598903 
0.2080776 0.5777141 0.4679494 
-0.2694366 0.2570433 0.3670324 
-0.0389414 0.4635613 0.4343552 
0.5625651 0.1410326 0.3089153 
-0.279069 0.3519465 0.4014099 
0.5072275 -0.180874 -0.2989073 
-0.2731508 0.1135894 0.3249228 
-0.09336478 -0.1721155 -0.08916508 
0.05226305 0.5903068 0.4518308 
-0.4630243 -0.1818828 -0.1095784 
-0.02683954 0.5830245 0.472057 
-0.2109181 0.5289834 0.4616641 
-0.4002876 -0.2122847 0.1339735 
0.5715284 -0.1583813 0.01146368 
0.5073122 -0.1785748 -0.4388872 
0.3538548 -0.1753376 -0.1643592 
0.3830374 -0.1789551 -0.08320893 
0.23692 -0.174014 0.01794001 
0.4109312 -0.1853359 0.04155638 
0.02264018 -0.1945048 -0.07313406 
-0.562732 -0.1957289 -0.7502152 
0.5524334 0.3013304 0.3637619 
-0.496996 -0.19355 -0.3201787 
-0.1279943 -0.1919571 0.2003924 
-0.5616424 -0.1963895 -0.750335 
-0.5369928 0.5688083 0.438156 
-0.1403319 -0.1134259 0.1969127 
-0.3857562 -0.2095058 -0.7583775 
-0.207972 0.621219 0.4525207 
-0.4174315 0.3577048 0.3678648 
0.3467886 -0.2147265 -0.6701679 
0.1250104 -0.2416136 -0.5365723 
-0.3860093 -0.1714864 -0.5137457 
0.09761341 0.3301908 0.3594734 
0.4956646 0.4863533 0.401586 
-0.02236234 -0.037852 0.2751102 
0.1863825 -0.04133547 0.2285512 
-0.2161878 0.4359414 0.3892274 
-0.4224627 -0.07089713 0.2122294 
0.05257946 -0.208496 -0.06302481 
0.1958094 0.2594783 0.3741052 
0.01348655 0.1317186 0.3318447 
0.1308864 -0.1867052 -0.7146598 
-0.03657697 -0.2396035 -0.587359 
-0.0742904 -0.2411297 0.0524732 
0.08310726 -0.2383971 -0.2968708 
-0.6020876 -0.2047632 -0.09894884 
0.01777553 -0.2368499 -0.1715875 
0.442006 0.2318054 0.3188741 
0.1682799 0.1674961 0.2998639 
-0.08768826 -0.1953566 -0.5190498 
0.1293827 0.06832707 0.2694188 
-0.3450486 0.09198428 0.3190364 
0.4378189 -0.2486083 -0.1299641 
0.5501715 -0.2292843 -0.1346468 
0.07721157 -0.2412838 -0.1988845 
-0.2050649 -0.1302168 0.1860442 
0.02576144 -0.09339417 0.2333843 
-0.488023 -0.2316449 -0.2463077 
-0.2854235 -0.1694305 -0.1176484 
0.5250343 0.2409249 0.3596808 
-0.5150772 0.3171716 0.3952053 
0.1563725 -0.1709729 -0.2976385 
0.2742999 -0.205554 -0.7143149 
0.3226765 -0.2392634 -0.6217101 
0.3384861 0.3518479 0.404137 
0.4023991 -0.2405589 -0.3583131 
-0.1921101 -0.236185 -0.3851461 
0.2102514 0.08196232 0.3142287 
-0.494586 0.002404755 0.2451163 
-0.1543612 -0.02489936 0.2770333 
0.2890585 0.06797481 0.2998699 
-0.3400144 -0.2472529 -0.4992277 
-0.4944218 -0.2398868 -0.6587982 
0.4489847 -0.1783914 -0.5998753 
0.3562708 0.2712199 0.3795014 
-0.5694745 -0.1891391 -0.5924904 
-0.07562712 0.3663769 0.3903397 
0.1446376 -0.0498463 0.2717747 
-0.08100343 -0.1765152 -0.6094995 
-0.07622164 -0.2370418 -0.3843095 
0.4705314 -0.2477652 -0.145139 
-0.3926392 -0.2435445 -0.2192503 
0.5140009 -0.2426195 -0.4467084 
-0.2486283 -0.2444109 -0.4305925 
-0.5143077 -0.2337106 0.091722 
0.09078532 -0.1763838 -0.4912413 
0.4629188 -0.1765206 -0.5648465 
-0.2421674 -0.2296042 0.02054668 
0.1811454 -0.1703893 -0.7576793 
0.3153551 -0.1862582 -0.5587709 
0.5727074 0.1915424 0.3205914 
-0.1491912 -0.2112723 -0.3274334 
0.0994826 0.4732436 0.4105573 
-0.3796254 0.2703126 0.3799036 
0.02115103 -0.06991135 0.2383264 
-0.5801619 -0.1113832 0.2191534 
0.4805471 0.485764 0.4398562 
-0.5625723 0.5529381 0.4394968 
0.2385815 0.2593584 0.3724484 
0.3515135 0.3121875 0.3932129 
-0.4920561 0.6174843 0.4675284 
-0.5033249 0.1806104 0.3441656 
-0.4240203 0.4640692 0.4028257 
-0.1716318 -0.185991 0.001880353 
0.2773332 0.1839914 0.3481545 
-0.4247144 0.464006 0.402815 
0.05982829 0.4538909 0.4291079 
-0.5740739 0.6226587 0.459971 
-0.3002247 -0.1984906 0.1993119 
-0.005129404 -0.1976153 -0.7589302 
-0.3785176 -0.1268831 0.1877358 
0.4467977 0.006759427 0.2449049 
0.2503849 0.09247009 0.3153351 
0.08232031 0.2184291 0.3608548 
-0.399768 0.4205333 0.4285592 
0.1124442 0.1032986 0.2806136 
0.2380123 0.2496452 0.3238847 
0.5352181 0.4817374 0.437851 
-0.2054197 0.5736802 0.4347605 
-0.2894364 -0.02073667 0.267369 
-0.4412606 0.2792882 0.3383524 
0.2169805 0.4886714 0.4493778 
0.4067362 0.5393957 0.4226861 
0.3958697 -0.1570008 0.1662463 
0.07822245 -0.1933946 0.2056101 
-0.1593665 -0.1969125 0.2080247 
-0.4574323 0.532204 0.4222777 
-0.2237055 -0.2047974 -0.7697117 
0.01388383 0.0702115 0.2696514 
0.5703132 -0.2049244 -0.1224095 
-0.03659722 0.01108826 0.2935025 
-0.03685156 0.5375792 0.4263172 
-0.6015261 -0.20553 -0.08704166 
0.05175736 0.5762919 0.462971 
0.02025882 0.2512298 0.3651597 
0.5690177 0.04561116 0.2836903 
0.1087594 -0.139053 0.2343186 
-0.2765262 -0.1329583 0.2339648 
0.1946183 0.4152678 0.3838546 
0.5270301 0.3160464 0.3731021 
-0.3047191 0.4587457 0.4429325 
0.3576511 -0.1682714 0.2206287 
-0.4357533 -0.1768569 0.2167754 
-0.04214618 0.4834551 0.4109568 
0.3709852 0.3657142 0.364869 
0.08272289 -0.1797639 -0.6699152 
0.2493875 0.1524802 0.3377187 
-0.138253 0.09023872 0.3174762 
0.4408254 0.3844839 0.4111966 
0.03371124 0.02670762 0.2975875 
-0.4197991 0.5674874 0.4354214 
-0.3368185 -0.178083 0.08730158 
-0.2692923 -0.1696012 -0.1801535 
0.2313172 -0.1900676 0.2038838 
-0.3827376 -0.1684442 -0.1233255 
-0.09539177 -0.1749634 -0.6740568 
-0.3728914 0.3988615 0.421098 
0.4740861 -0.1718134 -0.3695303 
-0.09533881 -0.232578 0.07486998 
0.5368456 0.1826798 0.34064 
0.2399967 -0.218629 -0.5910781 
0.361821 -0.2034494 0.04181764 
0.3023219 -0.1993441 -0.7022825 
0.5094631 -0.1246601 0.1831245 
0.5361228 0.5963148 0.4621914 
0.3948192 -0.05694015 0.2214916 
0.1460381 -0.2490902 0.03456767 
0.2744133 -0.2295821 -0.6583402 
0.2732789 0.5598367 0.4549825 
0.4170418 -0.2460068 -0.0609239 
0.4999699 -0.0549068 0.2240319 
-0.1955804 -0.1402911 0.232716 
-0.1431886 -0.1894241 -0.5189127 
-0.0866146 -0.1723 -0.1351905 
0.2147847 -0.2346467 -0.4026822 
-0.07972752 -0.234882 -0.5737743 
0.2683574 -0.2471321 -0.2626251 
-0.3877657 -0.1701039 -0.6005621 
0.3862122 -0.2424861 -0.5483751 
0.4437371 -0.1696929 -0.6764976 
0.3877707 -0.1808593 -0.5919561 
-0.5676105 -0.1975324 -0.6352251 
-0.5289766 -0.2270976 -0.2590118 
-0.2257149 -0.2399212 -0.6181685 
-0.05146661 -0.2074722 -0.2716172 
-0.1026283 0.4935794 0.4086807 
-0.07608854 -0.1883669 -0.7478535 
-0.03230925 -0.1945805 -0.7286103 
-0.5450655 -0.2108603 -0.3252062 
-0.3318196 -0.1536429 0.1503509 
-0.264082 -0.2427262 -0.1037389 
-0.2166051 -0.2441252 -0.1133104 
0.583975 0.37628 0.3878531 
-0.1191363 -0.2167746 -0.7512693 
0.01900228 0.4971672 0.4094748 
0.003585779 -0.212339 0.1761397 
0.05610396 -0.1726872 -0.6160648 
-0.1384995 -0.2433988 -0.0642313 
-0.04468771 -0.2093609 -0.2611409 
0.5358523 -0.2349171 -0.2580347 
-0.1608563 -0.1717602 -0.6262171 
0.07398985 -0.2292352 -0.6697298 
-0.5715404 -0.1851874 0.1500546 
0.2124804 -0.1955575 -0.08526457 
-0.1262738 -0.2334898 -0.2322498 
0.5419191 0.1328611 0.3016151 
-0.2005927 -0.171958 -0.6148947 
0.2730528 -0.2145692 -0.6345498 
0.5317838 -0.1649937 -0.6957293 
0.5113336 -0.2154494 -0.7537242 
0.4765203 -0.2409781 -0.5881888 
0.3936018 -0.2319144 -0.7220696 
-0.2073193 -0.1695333 -0.6772675 
0.5165136 -0.166453 -0.6755061 
0.4144125 -0.2327262 0.04623825 
-0.2676452 -0.2452829 -0.2778544 
0.3276871 -0.2035521 -0.687069 
-0.5506069 -0.1893443 -0.6895341 
0.3785862 -0.195585 -0.7593943 
0.1409289 -0.2462703 -0.01429695 
-0.4360848 -0.2392653 -0.6680998 
-0.3577257 -0.1694909 -0.5737167 
-0.4642631 -0.2357202 -0.4573019 
0.560692 -0.2221754 0.08788356 
0.3842018 -0.1844415 -0.5328773 
-0.4549335 -0.1716787 -0.6197611 
0.5353883 -0.2416827 -0.5144339 
-0.4381535 -0.2459439 -0.5669686 
-0.09024302 0.1287933 0.2914402 
0.3618858 -0.244007 -0.1681304 
-0.5796966 -0.1957282 -0.7363787 
-0.5139238 -0.2193533 0.1605455 
0.08912148 -0.2410352 -0.2519331 
-0.08467864 -0.1750683 -0.7485681 
-0.1391953 -0.2028107 0.1262757 
0.3265236 0.1956367 0.3520813 
-0.208366 0.3439726 0.3873824 
0.2901485 -0.2045968 0.1903187 
0.24596 0.3401717 0.4025921 
-0.05175465 -0.1794775 -0.5891715 
-0.1493104 -0.2396729 -0.6352609 
0.1982782 -0.2465602 -0.2357615 
0.1872946 -0.2303959 -0.4517739 
-0.4353436 -0.2242218 -0.7219166 
0.4066133 -0.2380206 -0.6423703 
0.08295687 -0.2427384 -0.5348751 
0.3464005 0.001300115 0.2885457 
0.525662 -0.01193129 0.2799301 
-0.3685112 -0.2282809 -0.3405456 
0.5664144 -0.1984425 -0.5199331 
0.4550184 -0.2446997 -0.02962779 
0.4066941 -0.2413857 -0.3906483 
-0.4401576 -0.2072603 -0.7486578 
-0.5380919 0.3201573 0.3544443 
0.4473617 -0.1687608 -0.1890162 
-0.3391193 -0.2071258 0.1811757 
0.5842873 0.4895955 0.4258899 
0.1885955 -0.1938266 0.2020432 
-0.3750016 -0.2446878 -0.6143042 
0.1787358 -0.2337174 -0.5290543 
-0.4111173 -0.1769623 -0.4804987 
-0.4829804 -0.1967136 -0.2111373 
0.5815772 -0.2157584 -0.4624594 
0.5066786 -0.1480802 0.1549907 
0.1398821 -0.1887784 -0.7457936 
0.4606567 -0.2361949 0.10075 
0.5649772 -0.2236844 -0.01967527 
-0.3989659 -0.2099912 -0.7568971 
0.5502266 -0.1795466 -0.2480521 
0.2938636 0.6300172 0.4449728 
0.2062026 -0.1747361 -0.193961 
-0.5781828 -0.1873219 0.1845076 
0.461246 0.4420013 0.3876494 
0.5322415 0.2255245 0.3242218 
-0.2149428 -0.1760572 -0.4754841 
0.3775901 0.08150625 0.3122942 
-0.2620721 -0.1991066 0.08957073 
-0.08982351 0.4653785 0.4046965 
0.1647611 -0.1716787 -0.3307097 
0.4183642 0.4232463 0.4154361 
-0.5889039 0.2031655 0.3190635 
0.5797527 -0.2049796 0.05198311 
-0.4371411 0.2464824 0.3269597 
0.1643588 0.4009643 0.4145293 
-0.2277832 -0.2099988 0.1649952 
0.5841388 0.5155359 0.4304244 
-0.4362217 -0.1948782 -0.06364541 
-0.3439265 0.001635895 0.2389248 
-0.1148166 -0.1256205 0.2431718 
-0.5197247 0.345619 0.4024419 
0.237797 0.007869702 0.2893086 
0.5058039 -0.178757 -0.478723 
0.5270277 0.3160425 0.3731008 
-0.09145373 -0.1829317 -0.007448736 
0.4831687 -0.2131456 -0.756406 
-0.2837286 0.1897047 0.3508632 
0.3708792 0.5864717 0.4576002 
0.3217524 0.5815769 0.4413652 
-0.3482693 0.5323521 0.4240221 
0.2418529 0.4325531 0.3858879 
0.1643174 0.287583 0.3381982 
-0.5265344 0.2467643 0.3671139 
-0.5397097 -0.178439 -0.4444181 
0.07029335 0.3162945 0.3913673 
0.5898317 0.001422547 0.2598258 
-0.324809 0.4064234 0.4235421 
0.1419826 0.5072245 0.4508617 
-0.1436791 0.6157877 0.4650985 
